B,92,200,60000.0
B,92,201,60001.0
B,92,202,60002.0
B,92,203,60003.0
B,92,204,60004.0
B,92,205,60005.0
B,92,206,60006.0
B,92,207,60007.0
B,92,208,60008.0
B,92,209,60009.0
B,92,210,60010.0
B,92,211,60011.0
B,92,212,60012.0
B,92,213,60013.0
B,92,214,60014.0
B,92,215,60015.0
B,92,216,60016.0
B,92,217,60017.0
B,92,218,60018.0
B,92,219,60019.0
B,92,220,60020.0
B,92,221,60021.0
B,92,222,60022.0
B,92,223,60023.0
B,92,224,60024.0
B,92,225,60025.0
B,92,226,60026.0
B,92,227,60027.0
B,92,228,60028.0
B,92,229,60029.0
B,92,230,60030.0
B,92,231,60031.0
B,92,232,60032.0
B,92,233,60033.0
B,92,234,60034.0
B,92,235,60035.0
B,92,236,60036.0
B,92,237,60037.0
B,92,238,60038.0
B,92,239,60039.0
B,92,240,60040.0
B,92,241,60041.0
B,92,242,60042.0
B,92,243,60043.0
B,92,244,60044.0
B,92,245,60045.0
B,92,246,60046.0
B,92,247,60047.0
B,92,248,60048.0
B,92,249,60049.0
B,92,250,60050.0
B,92,251,60051.0
B,92,252,60052.0
B,92,253,60053.0
B,92,254,60054.0
B,92,255,60055.0
B,92,256,60056.0
B,92,257,60057.0
B,92,258,60058.0
B,92,259,60059.0
B,92,260,60060.0
B,92,261,60061.0
B,92,262,60062.0
B,92,263,60063.0
B,92,264,60064.0
B,92,265,60065.0
B,92,266,60066.0
B,92,267,60067.0
B,92,268,60068.0
B,92,269,60069.0
B,92,270,60070.0
B,92,271,60071.0
B,92,272,60072.0
B,92,273,60073.0
B,92,274,60074.0
B,92,275,60075.0
B,92,276,60076.0
B,92,277,60077.0
B,92,278,60078.0
B,92,279,60079.0
B,92,280,60080.0
B,92,281,60081.0
B,92,282,60082.0
B,92,283,60083.0
B,92,284,60084.0
B,92,285,60085.0
B,92,286,60086.0
B,92,287,60087.0
B,92,288,60088.0
B,92,289,60089.0
B,92,290,60090.0
B,92,291,60091.0
B,92,292,60092.0
B,92,293,60093.0
B,92,294,60094.0
B,92,295,60095.0
B,92,296,60096.0
B,92,297,60097.0
B,92,298,60098.0
B,92,299,60099.0
B,92,300,60100.0
B,92,301,60101.0
B,92,302,60102.0
B,92,303,60103.0
B,92,304,60104.0
B,92,305,60105.0
B,92,306,60106.0
B,92,307,60107.0
B,92,308,60108.0
B,92,309,60109.0
B,92,310,60110.0
B,92,311,60111.0
B,92,312,60112.0
B,92,313,60113.0
B,92,314,60114.0
B,92,315,60115.0
B,92,316,60116.0
B,92,317,60117.0
B,92,318,60118.0
B,92,319,60119.0
B,92,320,60120.0
B,92,321,60121.0
B,92,322,60122.0
B,92,323,60123.0
B,92,324,60124.0
B,92,325,60125.0
B,92,326,60126.0
B,92,327,60127.0
B,92,328,60128.0
B,92,329,60129.0
B,92,330,60130.0
B,92,331,60131.0
B,92,332,60132.0
B,92,333,60133.0
B,92,334,60134.0
B,92,335,60135.0
B,92,336,60136.0
B,92,337,60137.0
B,92,338,60138.0
B,92,339,60139.0
B,92,340,60140.0
B,92,341,60141.0
B,92,342,60142.0
B,92,343,60143.0
B,92,344,60144.0
B,92,345,60145.0
B,92,346,60146.0
B,92,347,60147.0
B,92,348,60148.0
B,92,349,60149.0
B,92,350,60150.0
B,92,351,60151.0
B,92,352,60152.0
B,92,353,60153.0
B,92,354,60154.0
B,92,355,60155.0
B,92,356,60156.0
B,92,357,60157.0
B,92,358,60158.0
B,92,359,60159.0
B,92,360,60160.0
B,92,361,60161.0
B,92,362,60162.0
B,92,363,60163.0
B,92,364,60164.0
B,92,365,60165.0
B,92,366,60166.0
B,92,367,60167.0
B,92,368,60168.0
B,92,369,60169.0
B,92,370,60170.0
B,92,371,60171.0
B,92,372,60172.0
B,92,373,60173.0
B,92,374,60174.0
B,92,375,60175.0
B,92,376,60176.0
B,92,377,60177.0
B,92,378,60178.0
B,92,379,60179.0
B,92,380,60180.0
B,92,381,60181.0
B,92,382,60182.0
B,92,383,60183.0
B,92,384,60184.0
B,92,385,60185.0
B,92,386,60186.0
B,92,387,60187.0
B,92,388,60188.0
B,92,389,60189.0
B,92,390,60190.0
B,92,391,60191.0
B,92,392,60192.0
B,92,393,60193.0
B,92,394,60194.0
B,92,395,60195.0
B,92,396,60196.0
B,92,397,60197.0
B,92,398,60198.0
B,92,399,60199.0
B,92,400,60200.0
B,92,401,60201.0
B,92,402,60202.0
B,92,403,60203.0
B,92,404,60204.0
B,92,405,60205.0
B,92,406,60206.0
B,92,407,60207.0
B,92,408,60208.0
B,92,409,60209.0
B,92,410,60210.0
B,92,411,60211.0
B,92,412,60212.0
B,92,413,60213.0
B,92,414,60214.0
B,92,415,60215.0
B,92,416,60216.0
B,92,417,60217.0
B,92,418,60218.0
B,92,419,60219.0
B,92,420,60220.0
B,92,421,60221.0
B,92,422,60222.0
B,92,423,60223.0
B,92,424,60224.0
B,92,425,60225.0
B,92,426,60226.0
B,92,427,60227.0
B,92,428,60228.0
B,92,429,60229.0
B,92,430,60230.0
B,92,431,60231.0
B,92,432,60232.0
B,92,433,60233.0
B,92,434,60234.0
B,92,435,60235.0
B,92,436,60236.0
B,92,437,60237.0
B,92,438,60238.0
B,92,439,60239.0
B,92,440,60240.0
B,92,441,60241.0
B,92,442,60242.0
B,92,443,60243.0
B,92,444,60244.0
B,92,445,60245.0
B,92,446,60246.0
B,92,447,60247.0
B,92,448,60248.0
B,92,449,60249.0
B,92,450,60250.0
B,92,451,60251.0
B,92,452,60252.0
B,92,453,60253.0
B,92,454,60254.0
B,92,455,60255.0
B,92,456,60256.0
B,92,457,60257.0
B,92,458,60258.0
B,92,459,60259.0
B,92,460,60260.0
B,92,461,60261.0
B,92,462,60262.0
B,92,463,60263.0
B,92,464,60264.0
B,92,465,60265.0
B,92,466,60266.0
B,92,467,60267.0
B,92,468,60268.0
B,92,469,60269.0
B,92,470,60270.0
B,92,471,60271.0
B,92,472,60272.0
B,92,473,60273.0
B,92,474,60274.0
B,92,475,60275.0
B,92,476,60276.0
B,92,477,60277.0
B,92,478,60278.0
B,92,479,60279.0
B,92,480,60280.0
B,92,481,60281.0
B,92,482,60282.0
B,92,483,60283.0
B,92,484,60284.0
B,92,485,60285.0
B,92,486,60286.0
B,92,487,60287.0
B,92,488,60288.0
B,92,489,60289.0
B,92,490,60290.0
B,92,491,60291.0
B,92,492,60292.0
B,92,493,60293.0
B,92,494,60294.0
B,92,495,60295.0
B,92,496,60296.0
B,92,497,60297.0
B,92,498,60298.0
B,92,499,60299.0
B,92,500,60300.0
B,92,501,60301.0
B,92,502,60302.0
B,92,503,60303.0
B,92,504,60304.0
B,92,505,60305.0
B,92,506,60306.0
B,92,507,60307.0
B,92,508,60308.0
B,92,509,60309.0
B,92,510,60310.0
B,92,511,60311.0
B,92,512,60312.0
B,92,513,60313.0
B,92,514,60314.0
B,92,515,60315.0
B,92,516,60316.0
B,92,517,60317.0
B,92,518,60318.0
B,92,519,60319.0
B,92,520,60320.0
B,92,521,60321.0
B,92,522,60322.0
B,92,523,60323.0
B,92,524,60324.0
B,92,525,60325.0
B,92,526,60326.0
B,92,527,60327.0
B,92,528,60328.0
B,92,529,60329.0
B,92,530,60330.0
B,92,531,60331.0
B,92,532,60332.0
B,92,533,60333.0
B,92,534,60334.0
B,92,535,60335.0
B,92,536,60336.0
B,92,537,60337.0
B,92,538,60338.0
B,92,539,60339.0
B,92,540,60340.0
B,92,541,60341.0
B,92,542,60342.0
B,92,543,60343.0
B,92,544,60344.0
B,92,545,60345.0
B,92,546,60346.0
B,92,547,60347.0
B,92,548,60348.0
B,92,549,60349.0
B,92,550,60350.0
B,92,551,60351.0
B,92,552,60352.0
B,92,553,60353.0
B,92,554,60354.0
B,92,555,60355.0
B,92,556,60356.0
B,92,557,60357.0
B,92,558,60358.0
B,92,559,60359.0
B,92,560,60360.0
B,92,561,60361.0
B,92,562,60362.0
B,92,563,60363.0
B,92,564,60364.0
B,92,565,60365.0
B,92,566,60366.0
B,92,567,60367.0
B,92,568,60368.0
B,92,569,60369.0
B,92,570,60370.0
B,92,571,60371.0
B,92,572,60372.0
B,92,573,60373.0
B,92,574,60374.0
B,92,575,60375.0
B,92,576,60376.0
B,92,577,60377.0
B,92,578,60378.0
B,92,579,60379.0
B,92,580,60380.0
B,92,581,60381.0
B,92,582,60382.0
B,92,583,60383.0
B,92,584,60384.0
B,92,585,60385.0
B,92,586,60386.0
B,92,587,60387.0
B,92,588,60388.0
B,92,589,60389.0
B,92,590,60390.0
B,92,591,60391.0
B,92,592,60392.0
B,92,593,60393.0
B,92,594,60394.0
B,92,595,60395.0
B,92,596,60396.0
B,92,597,60397.0
B,92,598,60398.0
B,92,599,60399.0
B,92,600,60400.0
B,92,601,60401.0
B,92,602,60402.0
B,92,603,60403.0
B,92,604,60404.0
B,92,605,60405.0
B,92,606,60406.0
B,92,607,60407.0
B,92,608,60408.0
B,92,609,60409.0
B,92,610,60410.0
B,92,611,60411.0
B,92,612,60412.0
B,92,613,60413.0
B,92,614,60414.0
B,92,615,60415.0
B,92,616,60416.0
B,92,617,60417.0
B,92,618,60418.0
B,92,619,60419.0
B,92,620,60420.0
B,92,621,60421.0
B,92,622,60422.0
B,92,623,60423.0
B,92,624,60424.0
B,92,625,60425.0
B,92,626,60426.0
B,92,627,60427.0
B,92,628,60428.0
B,92,629,60429.0
B,92,630,60430.0
B,92,631,60431.0
B,92,632,60432.0
B,92,633,60433.0
B,92,634,60434.0
B,92,635,60435.0
B,92,636,60436.0
B,92,637,60437.0
B,92,638,60438.0
B,92,639,60439.0
B,92,640,60440.0
B,92,641,60441.0
B,92,642,60442.0
B,92,643,60443.0
B,92,644,60444.0
B,92,645,60445.0
B,92,646,60446.0
B,92,647,60447.0
B,92,648,60448.0
B,92,649,60449.0
B,93,0,60450.0
B,93,1,60451.0
B,93,2,60452.0
B,93,3,60453.0
B,93,4,60454.0
B,93,5,60455.0
B,93,6,60456.0
B,93,7,60457.0
B,93,8,60458.0
B,93,9,60459.0
B,93,10,60460.0
B,93,11,60461.0
B,93,12,60462.0
B,93,13,60463.0
B,93,14,60464.0
B,93,15,60465.0
B,93,16,60466.0
B,93,17,60467.0
B,93,18,60468.0
B,93,19,60469.0
B,93,20,60470.0
B,93,21,60471.0
B,93,22,60472.0
B,93,23,60473.0
B,93,24,60474.0
B,93,25,60475.0
B,93,26,60476.0
B,93,27,60477.0
B,93,28,60478.0
B,93,29,60479.0
B,93,30,60480.0
B,93,31,60481.0
B,93,32,60482.0
B,93,33,60483.0
B,93,34,60484.0
B,93,35,60485.0
B,93,36,60486.0
B,93,37,60487.0
B,93,38,60488.0
B,93,39,60489.0
B,93,40,60490.0
B,93,41,60491.0
B,93,42,60492.0
B,93,43,60493.0
B,93,44,60494.0
B,93,45,60495.0
B,93,46,60496.0
B,93,47,60497.0
B,93,48,60498.0
B,93,49,60499.0
B,93,50,60500.0
B,93,51,60501.0
B,93,52,60502.0
B,93,53,60503.0
B,93,54,60504.0
B,93,55,60505.0
B,93,56,60506.0
B,93,57,60507.0
B,93,58,60508.0
B,93,59,60509.0
B,93,60,60510.0
B,93,61,60511.0
B,93,62,60512.0
B,93,63,60513.0
B,93,64,60514.0
B,93,65,60515.0
B,93,66,60516.0
B,93,67,60517.0
B,93,68,60518.0
B,93,69,60519.0
B,93,70,60520.0
B,93,71,60521.0
B,93,72,60522.0
B,93,73,60523.0
B,93,74,60524.0
B,93,75,60525.0
B,93,76,60526.0
B,93,77,60527.0
B,93,78,60528.0
B,93,79,60529.0
B,93,80,60530.0
B,93,81,60531.0
B,93,82,60532.0
B,93,83,60533.0
B,93,84,60534.0
B,93,85,60535.0
B,93,86,60536.0
B,93,87,60537.0
B,93,88,60538.0
B,93,89,60539.0
B,93,90,60540.0
B,93,91,60541.0
B,93,92,60542.0
B,93,93,60543.0
B,93,94,60544.0
B,93,95,60545.0
B,93,96,60546.0
B,93,97,60547.0
B,93,98,60548.0
B,93,99,60549.0
B,93,100,60550.0
B,93,101,60551.0
B,93,102,60552.0
B,93,103,60553.0
B,93,104,60554.0
B,93,105,60555.0
B,93,106,60556.0
B,93,107,60557.0
B,93,108,60558.0
B,93,109,60559.0
B,93,110,60560.0
B,93,111,60561.0
B,93,112,60562.0
B,93,113,60563.0
B,93,114,60564.0
B,93,115,60565.0
B,93,116,60566.0
B,93,117,60567.0
B,93,118,60568.0
B,93,119,60569.0
B,93,120,60570.0
B,93,121,60571.0
B,93,122,60572.0
B,93,123,60573.0
B,93,124,60574.0
B,93,125,60575.0
B,93,126,60576.0
B,93,127,60577.0
B,93,128,60578.0
B,93,129,60579.0
B,93,130,60580.0
B,93,131,60581.0
B,93,132,60582.0
B,93,133,60583.0
B,93,134,60584.0
B,93,135,60585.0
B,93,136,60586.0
B,93,137,60587.0
B,93,138,60588.0
B,93,139,60589.0
B,93,140,60590.0
B,93,141,60591.0
B,93,142,60592.0
B,93,143,60593.0
B,93,144,60594.0
B,93,145,60595.0
B,93,146,60596.0
B,93,147,60597.0
B,93,148,60598.0
B,93,149,60599.0
B,93,150,60600.0
B,93,151,60601.0
B,93,152,60602.0
B,93,153,60603.0
B,93,154,60604.0
B,93,155,60605.0
B,93,156,60606.0
B,93,157,60607.0
B,93,158,60608.0
B,93,159,60609.0
B,93,160,60610.0
B,93,161,60611.0
B,93,162,60612.0
B,93,163,60613.0
B,93,164,60614.0
B,93,165,60615.0
B,93,166,60616.0
B,93,167,60617.0
B,93,168,60618.0
B,93,169,60619.0
B,93,170,60620.0
B,93,171,60621.0
B,93,172,60622.0
B,93,173,60623.0
B,93,174,60624.0
B,93,175,60625.0
B,93,176,60626.0
B,93,177,60627.0
B,93,178,60628.0
B,93,179,60629.0
B,93,180,60630.0
B,93,181,60631.0
B,93,182,60632.0
B,93,183,60633.0
B,93,184,60634.0
B,93,185,60635.0
B,93,186,60636.0
B,93,187,60637.0
B,93,188,60638.0
B,93,189,60639.0
B,93,190,60640.0
B,93,191,60641.0
B,93,192,60642.0
B,93,193,60643.0
B,93,194,60644.0
B,93,195,60645.0
B,93,196,60646.0
B,93,197,60647.0
B,93,198,60648.0
B,93,199,60649.0
B,93,200,60650.0
B,93,201,60651.0
B,93,202,60652.0
B,93,203,60653.0
B,93,204,60654.0
B,93,205,60655.0
B,93,206,60656.0
B,93,207,60657.0
B,93,208,60658.0
B,93,209,60659.0
B,93,210,60660.0
B,93,211,60661.0
B,93,212,60662.0
B,93,213,60663.0
B,93,214,60664.0
B,93,215,60665.0
B,93,216,60666.0
B,93,217,60667.0
B,93,218,60668.0
B,93,219,60669.0
B,93,220,60670.0
B,93,221,60671.0
B,93,222,60672.0
B,93,223,60673.0
B,93,224,60674.0
B,93,225,60675.0
B,93,226,60676.0
B,93,227,60677.0
B,93,228,60678.0
B,93,229,60679.0
B,93,230,60680.0
B,93,231,60681.0
B,93,232,60682.0
B,93,233,60683.0
B,93,234,60684.0
B,93,235,60685.0
B,93,236,60686.0
B,93,237,60687.0
B,93,238,60688.0
B,93,239,60689.0
B,93,240,60690.0
B,93,241,60691.0
B,93,242,60692.0
B,93,243,60693.0
B,93,244,60694.0
B,93,245,60695.0
B,93,246,60696.0
B,93,247,60697.0
B,93,248,60698.0
B,93,249,60699.0
B,93,250,60700.0
B,93,251,60701.0
B,93,252,60702.0
B,93,253,60703.0
B,93,254,60704.0
B,93,255,60705.0
B,93,256,60706.0
B,93,257,60707.0
B,93,258,60708.0
B,93,259,60709.0
B,93,260,60710.0
B,93,261,60711.0
B,93,262,60712.0
B,93,263,60713.0
B,93,264,60714.0
B,93,265,60715.0
B,93,266,60716.0
B,93,267,60717.0
B,93,268,60718.0
B,93,269,60719.0
B,93,270,60720.0
B,93,271,60721.0
B,93,272,60722.0
B,93,273,60723.0
B,93,274,60724.0
B,93,275,60725.0
B,93,276,60726.0
B,93,277,60727.0
B,93,278,60728.0
B,93,279,60729.0
B,93,280,60730.0
B,93,281,60731.0
B,93,282,60732.0
B,93,283,60733.0
B,93,284,60734.0
B,93,285,60735.0
B,93,286,60736.0
B,93,287,60737.0
B,93,288,60738.0
B,93,289,60739.0
B,93,290,60740.0
B,93,291,60741.0
B,93,292,60742.0
B,93,293,60743.0
B,93,294,60744.0
B,93,295,60745.0
B,93,296,60746.0
B,93,297,60747.0
B,93,298,60748.0
B,93,299,60749.0
B,93,300,60750.0
B,93,301,60751.0
B,93,302,60752.0
B,93,303,60753.0
B,93,304,60754.0
B,93,305,60755.0
B,93,306,60756.0
B,93,307,60757.0
B,93,308,60758.0
B,93,309,60759.0
B,93,310,60760.0
B,93,311,60761.0
B,93,312,60762.0
B,93,313,60763.0
B,93,314,60764.0
B,93,315,60765.0
B,93,316,60766.0
B,93,317,60767.0
B,93,318,60768.0
B,93,319,60769.0
B,93,320,60770.0
B,93,321,60771.0
B,93,322,60772.0
B,93,323,60773.0
B,93,324,60774.0
B,93,325,60775.0
B,93,326,60776.0
B,93,327,60777.0
B,93,328,60778.0
B,93,329,60779.0
B,93,330,60780.0
B,93,331,60781.0
B,93,332,60782.0
B,93,333,60783.0
B,93,334,60784.0
B,93,335,60785.0
B,93,336,60786.0
B,93,337,60787.0
B,93,338,60788.0
B,93,339,60789.0
B,93,340,60790.0
B,93,341,60791.0
B,93,342,60792.0
B,93,343,60793.0
B,93,344,60794.0
B,93,345,60795.0
B,93,346,60796.0
B,93,347,60797.0
B,93,348,60798.0
B,93,349,60799.0
B,93,350,60800.0
B,93,351,60801.0
B,93,352,60802.0
B,93,353,60803.0
B,93,354,60804.0
B,93,355,60805.0
B,93,356,60806.0
B,93,357,60807.0
B,93,358,60808.0
B,93,359,60809.0
B,93,360,60810.0
B,93,361,60811.0
B,93,362,60812.0
B,93,363,60813.0
B,93,364,60814.0
B,93,365,60815.0
B,93,366,60816.0
B,93,367,60817.0
B,93,368,60818.0
B,93,369,60819.0
B,93,370,60820.0
B,93,371,60821.0
B,93,372,60822.0
B,93,373,60823.0
B,93,374,60824.0
B,93,375,60825.0
B,93,376,60826.0
B,93,377,60827.0
B,93,378,60828.0
B,93,379,60829.0
B,93,380,60830.0
B,93,381,60831.0
B,93,382,60832.0
B,93,383,60833.0
B,93,384,60834.0
B,93,385,60835.0
B,93,386,60836.0
B,93,387,60837.0
B,93,388,60838.0
B,93,389,60839.0
B,93,390,60840.0
B,93,391,60841.0
B,93,392,60842.0
B,93,393,60843.0
B,93,394,60844.0
B,93,395,60845.0
B,93,396,60846.0
B,93,397,60847.0
B,93,398,60848.0
B,93,399,60849.0
B,93,400,60850.0
B,93,401,60851.0
B,93,402,60852.0
B,93,403,60853.0
B,93,404,60854.0
B,93,405,60855.0
B,93,406,60856.0
B,93,407,60857.0
B,93,408,60858.0
B,93,409,60859.0
B,93,410,60860.0
B,93,411,60861.0
B,93,412,60862.0
B,93,413,60863.0
B,93,414,60864.0
B,93,415,60865.0
B,93,416,60866.0
B,93,417,60867.0
B,93,418,60868.0
B,93,419,60869.0
B,93,420,60870.0
B,93,421,60871.0
B,93,422,60872.0
B,93,423,60873.0
B,93,424,60874.0
B,93,425,60875.0
B,93,426,60876.0
B,93,427,60877.0
B,93,428,60878.0
B,93,429,60879.0
B,93,430,60880.0
B,93,431,60881.0
B,93,432,60882.0
B,93,433,60883.0
B,93,434,60884.0
B,93,435,60885.0
B,93,436,60886.0
B,93,437,60887.0
B,93,438,60888.0
B,93,439,60889.0
B,93,440,60890.0
B,93,441,60891.0
B,93,442,60892.0
B,93,443,60893.0
B,93,444,60894.0
B,93,445,60895.0
B,93,446,60896.0
B,93,447,60897.0
B,93,448,60898.0
B,93,449,60899.0
B,93,450,60900.0
B,93,451,60901.0
B,93,452,60902.0
B,93,453,60903.0
B,93,454,60904.0
B,93,455,60905.0
B,93,456,60906.0
B,93,457,60907.0
B,93,458,60908.0
B,93,459,60909.0
B,93,460,60910.0
B,93,461,60911.0
B,93,462,60912.0
B,93,463,60913.0
B,93,464,60914.0
B,93,465,60915.0
B,93,466,60916.0
B,93,467,60917.0
B,93,468,60918.0
B,93,469,60919.0
B,93,470,60920.0
B,93,471,60921.0
B,93,472,60922.0
B,93,473,60923.0
B,93,474,60924.0
B,93,475,60925.0
B,93,476,60926.0
B,93,477,60927.0
B,93,478,60928.0
B,93,479,60929.0
B,93,480,60930.0
B,93,481,60931.0
B,93,482,60932.0
B,93,483,60933.0
B,93,484,60934.0
B,93,485,60935.0
B,93,486,60936.0
B,93,487,60937.0
B,93,488,60938.0
B,93,489,60939.0
B,93,490,60940.0
B,93,491,60941.0
B,93,492,60942.0
B,93,493,60943.0
B,93,494,60944.0
B,93,495,60945.0
B,93,496,60946.0
B,93,497,60947.0
B,93,498,60948.0
B,93,499,60949.0
B,93,500,60950.0
B,93,501,60951.0
B,93,502,60952.0
B,93,503,60953.0
B,93,504,60954.0
B,93,505,60955.0
B,93,506,60956.0
B,93,507,60957.0
B,93,508,60958.0
B,93,509,60959.0
B,93,510,60960.0
B,93,511,60961.0
B,93,512,60962.0
B,93,513,60963.0
B,93,514,60964.0
B,93,515,60965.0
B,93,516,60966.0
B,93,517,60967.0
B,93,518,60968.0
B,93,519,60969.0
B,93,520,60970.0
B,93,521,60971.0
B,93,522,60972.0
B,93,523,60973.0
B,93,524,60974.0
B,93,525,60975.0
B,93,526,60976.0
B,93,527,60977.0
B,93,528,60978.0
B,93,529,60979.0
B,93,530,60980.0
B,93,531,60981.0
B,93,532,60982.0
B,93,533,60983.0
B,93,534,60984.0
B,93,535,60985.0
B,93,536,60986.0
B,93,537,60987.0
B,93,538,60988.0
B,93,539,60989.0
B,93,540,60990.0
B,93,541,60991.0
B,93,542,60992.0
B,93,543,60993.0
B,93,544,60994.0
B,93,545,60995.0
B,93,546,60996.0
B,93,547,60997.0
B,93,548,60998.0
B,93,549,60999.0
B,93,550,61000.0
B,93,551,61001.0
B,93,552,61002.0
B,93,553,61003.0
B,93,554,61004.0
B,93,555,61005.0
B,93,556,61006.0
B,93,557,61007.0
B,93,558,61008.0
B,93,559,61009.0
B,93,560,61010.0
B,93,561,61011.0
B,93,562,61012.0
B,93,563,61013.0
B,93,564,61014.0
B,93,565,61015.0
B,93,566,61016.0
B,93,567,61017.0
B,93,568,61018.0
B,93,569,61019.0
B,93,570,61020.0
B,93,571,61021.0
B,93,572,61022.0
B,93,573,61023.0
B,93,574,61024.0
B,93,575,61025.0
B,93,576,61026.0
B,93,577,61027.0
B,93,578,61028.0
B,93,579,61029.0
B,93,580,61030.0
B,93,581,61031.0
B,93,582,61032.0
B,93,583,61033.0
B,93,584,61034.0
B,93,585,61035.0
B,93,586,61036.0
B,93,587,61037.0
B,93,588,61038.0
B,93,589,61039.0
B,93,590,61040.0
B,93,591,61041.0
B,93,592,61042.0
B,93,593,61043.0
B,93,594,61044.0
B,93,595,61045.0
B,93,596,61046.0
B,93,597,61047.0
B,93,598,61048.0
B,93,599,61049.0
B,93,600,61050.0
B,93,601,61051.0
B,93,602,61052.0
B,93,603,61053.0
B,93,604,61054.0
B,93,605,61055.0
B,93,606,61056.0
B,93,607,61057.0
B,93,608,61058.0
B,93,609,61059.0
B,93,610,61060.0
B,93,611,61061.0
B,93,612,61062.0
B,93,613,61063.0
B,93,614,61064.0
B,93,615,61065.0
B,93,616,61066.0
B,93,617,61067.0
B,93,618,61068.0
B,93,619,61069.0
B,93,620,61070.0
B,93,621,61071.0
B,93,622,61072.0
B,93,623,61073.0
B,93,624,61074.0
B,93,625,61075.0
B,93,626,61076.0
B,93,627,61077.0
B,93,628,61078.0
B,93,629,61079.0
B,93,630,61080.0
B,93,631,61081.0
B,93,632,61082.0
B,93,633,61083.0
B,93,634,61084.0
B,93,635,61085.0
B,93,636,61086.0
B,93,637,61087.0
B,93,638,61088.0
B,93,639,61089.0
B,93,640,61090.0
B,93,641,61091.0
B,93,642,61092.0
B,93,643,61093.0
B,93,644,61094.0
B,93,645,61095.0
B,93,646,61096.0
B,93,647,61097.0
B,93,648,61098.0
B,93,649,61099.0
B,94,0,61100.0
B,94,1,61101.0
B,94,2,61102.0
B,94,3,61103.0
B,94,4,61104.0
B,94,5,61105.0
B,94,6,61106.0
B,94,7,61107.0
B,94,8,61108.0
B,94,9,61109.0
B,94,10,61110.0
B,94,11,61111.0
B,94,12,61112.0
B,94,13,61113.0
B,94,14,61114.0
B,94,15,61115.0
B,94,16,61116.0
B,94,17,61117.0
B,94,18,61118.0
B,94,19,61119.0
B,94,20,61120.0
B,94,21,61121.0
B,94,22,61122.0
B,94,23,61123.0
B,94,24,61124.0
B,94,25,61125.0
B,94,26,61126.0
B,94,27,61127.0
B,94,28,61128.0
B,94,29,61129.0
B,94,30,61130.0
B,94,31,61131.0
B,94,32,61132.0
B,94,33,61133.0
B,94,34,61134.0
B,94,35,61135.0
B,94,36,61136.0
B,94,37,61137.0
B,94,38,61138.0
B,94,39,61139.0
B,94,40,61140.0
B,94,41,61141.0
B,94,42,61142.0
B,94,43,61143.0
B,94,44,61144.0
B,94,45,61145.0
B,94,46,61146.0
B,94,47,61147.0
B,94,48,61148.0
B,94,49,61149.0
B,94,50,61150.0
B,94,51,61151.0
B,94,52,61152.0
B,94,53,61153.0
B,94,54,61154.0
B,94,55,61155.0
B,94,56,61156.0
B,94,57,61157.0
B,94,58,61158.0
B,94,59,61159.0
B,94,60,61160.0
B,94,61,61161.0
B,94,62,61162.0
B,94,63,61163.0
B,94,64,61164.0
B,94,65,61165.0
B,94,66,61166.0
B,94,67,61167.0
B,94,68,61168.0
B,94,69,61169.0
B,94,70,61170.0
B,94,71,61171.0
B,94,72,61172.0
B,94,73,61173.0
B,94,74,61174.0
B,94,75,61175.0
B,94,76,61176.0
B,94,77,61177.0
B,94,78,61178.0
B,94,79,61179.0
B,94,80,61180.0
B,94,81,61181.0
B,94,82,61182.0
B,94,83,61183.0
B,94,84,61184.0
B,94,85,61185.0
B,94,86,61186.0
B,94,87,61187.0
B,94,88,61188.0
B,94,89,61189.0
B,94,90,61190.0
B,94,91,61191.0
B,94,92,61192.0
B,94,93,61193.0
B,94,94,61194.0
B,94,95,61195.0
B,94,96,61196.0
B,94,97,61197.0
B,94,98,61198.0
B,94,99,61199.0
B,94,100,61200.0
B,94,101,61201.0
B,94,102,61202.0
B,94,103,61203.0
B,94,104,61204.0
B,94,105,61205.0
B,94,106,61206.0
B,94,107,61207.0
B,94,108,61208.0
B,94,109,61209.0
B,94,110,61210.0
B,94,111,61211.0
B,94,112,61212.0
B,94,113,61213.0
B,94,114,61214.0
B,94,115,61215.0
B,94,116,61216.0
B,94,117,61217.0
B,94,118,61218.0
B,94,119,61219.0
B,94,120,61220.0
B,94,121,61221.0
B,94,122,61222.0
B,94,123,61223.0
B,94,124,61224.0
B,94,125,61225.0
B,94,126,61226.0
B,94,127,61227.0
B,94,128,61228.0
B,94,129,61229.0
B,94,130,61230.0
B,94,131,61231.0
B,94,132,61232.0
B,94,133,61233.0
B,94,134,61234.0
B,94,135,61235.0
B,94,136,61236.0
B,94,137,61237.0
B,94,138,61238.0
B,94,139,61239.0
B,94,140,61240.0
B,94,141,61241.0
B,94,142,61242.0
B,94,143,61243.0
B,94,144,61244.0
B,94,145,61245.0
B,94,146,61246.0
B,94,147,61247.0
B,94,148,61248.0
B,94,149,61249.0
B,94,150,61250.0
B,94,151,61251.0
B,94,152,61252.0
B,94,153,61253.0
B,94,154,61254.0
B,94,155,61255.0
B,94,156,61256.0
B,94,157,61257.0
B,94,158,61258.0
B,94,159,61259.0
B,94,160,61260.0
B,94,161,61261.0
B,94,162,61262.0
B,94,163,61263.0
B,94,164,61264.0
B,94,165,61265.0
B,94,166,61266.0
B,94,167,61267.0
B,94,168,61268.0
B,94,169,61269.0
B,94,170,61270.0
B,94,171,61271.0
B,94,172,61272.0
B,94,173,61273.0
B,94,174,61274.0
B,94,175,61275.0
B,94,176,61276.0
B,94,177,61277.0
B,94,178,61278.0
B,94,179,61279.0
B,94,180,61280.0
B,94,181,61281.0
B,94,182,61282.0
B,94,183,61283.0
B,94,184,61284.0
B,94,185,61285.0
B,94,186,61286.0
B,94,187,61287.0
B,94,188,61288.0
B,94,189,61289.0
B,94,190,61290.0
B,94,191,61291.0
B,94,192,61292.0
B,94,193,61293.0
B,94,194,61294.0
B,94,195,61295.0
B,94,196,61296.0
B,94,197,61297.0
B,94,198,61298.0
B,94,199,61299.0
B,94,200,61300.0
B,94,201,61301.0
B,94,202,61302.0
B,94,203,61303.0
B,94,204,61304.0
B,94,205,61305.0
B,94,206,61306.0
B,94,207,61307.0
B,94,208,61308.0
B,94,209,61309.0
B,94,210,61310.0
B,94,211,61311.0
B,94,212,61312.0
B,94,213,61313.0
B,94,214,61314.0
B,94,215,61315.0
B,94,216,61316.0
B,94,217,61317.0
B,94,218,61318.0
B,94,219,61319.0
B,94,220,61320.0
B,94,221,61321.0
B,94,222,61322.0
B,94,223,61323.0
B,94,224,61324.0
B,94,225,61325.0
B,94,226,61326.0
B,94,227,61327.0
B,94,228,61328.0
B,94,229,61329.0
B,94,230,61330.0
B,94,231,61331.0
B,94,232,61332.0
B,94,233,61333.0
B,94,234,61334.0
B,94,235,61335.0
B,94,236,61336.0
B,94,237,61337.0
B,94,238,61338.0
B,94,239,61339.0
B,94,240,61340.0
B,94,241,61341.0
B,94,242,61342.0
B,94,243,61343.0
B,94,244,61344.0
B,94,245,61345.0
B,94,246,61346.0
B,94,247,61347.0
B,94,248,61348.0
B,94,249,61349.0
B,94,250,61350.0
B,94,251,61351.0
B,94,252,61352.0
B,94,253,61353.0
B,94,254,61354.0
B,94,255,61355.0
B,94,256,61356.0
B,94,257,61357.0
B,94,258,61358.0
B,94,259,61359.0
B,94,260,61360.0
B,94,261,61361.0
B,94,262,61362.0
B,94,263,61363.0
B,94,264,61364.0
B,94,265,61365.0
B,94,266,61366.0
B,94,267,61367.0
B,94,268,61368.0
B,94,269,61369.0
B,94,270,61370.0
B,94,271,61371.0
B,94,272,61372.0
B,94,273,61373.0
B,94,274,61374.0
B,94,275,61375.0
B,94,276,61376.0
B,94,277,61377.0
B,94,278,61378.0
B,94,279,61379.0
B,94,280,61380.0
B,94,281,61381.0
B,94,282,61382.0
B,94,283,61383.0
B,94,284,61384.0
B,94,285,61385.0
B,94,286,61386.0
B,94,287,61387.0
B,94,288,61388.0
B,94,289,61389.0
B,94,290,61390.0
B,94,291,61391.0
B,94,292,61392.0
B,94,293,61393.0
B,94,294,61394.0
B,94,295,61395.0
B,94,296,61396.0
B,94,297,61397.0
B,94,298,61398.0
B,94,299,61399.0
B,94,300,61400.0
B,94,301,61401.0
B,94,302,61402.0
B,94,303,61403.0
B,94,304,61404.0
B,94,305,61405.0
B,94,306,61406.0
B,94,307,61407.0
B,94,308,61408.0
B,94,309,61409.0
B,94,310,61410.0
B,94,311,61411.0
B,94,312,61412.0
B,94,313,61413.0
B,94,314,61414.0
B,94,315,61415.0
B,94,316,61416.0
B,94,317,61417.0
B,94,318,61418.0
B,94,319,61419.0
B,94,320,61420.0
B,94,321,61421.0
B,94,322,61422.0
B,94,323,61423.0
B,94,324,61424.0
B,94,325,61425.0
B,94,326,61426.0
B,94,327,61427.0
B,94,328,61428.0
B,94,329,61429.0
B,94,330,61430.0
B,94,331,61431.0
B,94,332,61432.0
B,94,333,61433.0
B,94,334,61434.0
B,94,335,61435.0
B,94,336,61436.0
B,94,337,61437.0
B,94,338,61438.0
B,94,339,61439.0
B,94,340,61440.0
B,94,341,61441.0
B,94,342,61442.0
B,94,343,61443.0
B,94,344,61444.0
B,94,345,61445.0
B,94,346,61446.0
B,94,347,61447.0
B,94,348,61448.0
B,94,349,61449.0
B,94,350,61450.0
B,94,351,61451.0
B,94,352,61452.0
B,94,353,61453.0
B,94,354,61454.0
B,94,355,61455.0
B,94,356,61456.0
B,94,357,61457.0
B,94,358,61458.0
B,94,359,61459.0
B,94,360,61460.0
B,94,361,61461.0
B,94,362,61462.0
B,94,363,61463.0
B,94,364,61464.0
B,94,365,61465.0
B,94,366,61466.0
B,94,367,61467.0
B,94,368,61468.0
B,94,369,61469.0
B,94,370,61470.0
B,94,371,61471.0
B,94,372,61472.0
B,94,373,61473.0
B,94,374,61474.0
B,94,375,61475.0
B,94,376,61476.0
B,94,377,61477.0
B,94,378,61478.0
B,94,379,61479.0
B,94,380,61480.0
B,94,381,61481.0
B,94,382,61482.0
B,94,383,61483.0
B,94,384,61484.0
B,94,385,61485.0
B,94,386,61486.0
B,94,387,61487.0
B,94,388,61488.0
B,94,389,61489.0
B,94,390,61490.0
B,94,391,61491.0
B,94,392,61492.0
B,94,393,61493.0
B,94,394,61494.0
B,94,395,61495.0
B,94,396,61496.0
B,94,397,61497.0
B,94,398,61498.0
B,94,399,61499.0
B,94,400,61500.0
B,94,401,61501.0
B,94,402,61502.0
B,94,403,61503.0
B,94,404,61504.0
B,94,405,61505.0
B,94,406,61506.0
B,94,407,61507.0
B,94,408,61508.0
B,94,409,61509.0
B,94,410,61510.0
B,94,411,61511.0
B,94,412,61512.0
B,94,413,61513.0
B,94,414,61514.0
B,94,415,61515.0
B,94,416,61516.0
B,94,417,61517.0
B,94,418,61518.0
B,94,419,61519.0
B,94,420,61520.0
B,94,421,61521.0
B,94,422,61522.0
B,94,423,61523.0
B,94,424,61524.0
B,94,425,61525.0
B,94,426,61526.0
B,94,427,61527.0
B,94,428,61528.0
B,94,429,61529.0
B,94,430,61530.0
B,94,431,61531.0
B,94,432,61532.0
B,94,433,61533.0
B,94,434,61534.0
B,94,435,61535.0
B,94,436,61536.0
B,94,437,61537.0
B,94,438,61538.0
B,94,439,61539.0
B,94,440,61540.0
B,94,441,61541.0
B,94,442,61542.0
B,94,443,61543.0
B,94,444,61544.0
B,94,445,61545.0
B,94,446,61546.0
B,94,447,61547.0
B,94,448,61548.0
B,94,449,61549.0
B,94,450,61550.0
B,94,451,61551.0
B,94,452,61552.0
B,94,453,61553.0
B,94,454,61554.0
B,94,455,61555.0
B,94,456,61556.0
B,94,457,61557.0
B,94,458,61558.0
B,94,459,61559.0
B,94,460,61560.0
B,94,461,61561.0
B,94,462,61562.0
B,94,463,61563.0
B,94,464,61564.0
B,94,465,61565.0
B,94,466,61566.0
B,94,467,61567.0
B,94,468,61568.0
B,94,469,61569.0
B,94,470,61570.0
B,94,471,61571.0
B,94,472,61572.0
B,94,473,61573.0
B,94,474,61574.0
B,94,475,61575.0
B,94,476,61576.0
B,94,477,61577.0
B,94,478,61578.0
B,94,479,61579.0
B,94,480,61580.0
B,94,481,61581.0
B,94,482,61582.0
B,94,483,61583.0
B,94,484,61584.0
B,94,485,61585.0
B,94,486,61586.0
B,94,487,61587.0
B,94,488,61588.0
B,94,489,61589.0
B,94,490,61590.0
B,94,491,61591.0
B,94,492,61592.0
B,94,493,61593.0
B,94,494,61594.0
B,94,495,61595.0
B,94,496,61596.0
B,94,497,61597.0
B,94,498,61598.0
B,94,499,61599.0
B,94,500,61600.0
B,94,501,61601.0
B,94,502,61602.0
B,94,503,61603.0
B,94,504,61604.0
B,94,505,61605.0
B,94,506,61606.0
B,94,507,61607.0
B,94,508,61608.0
B,94,509,61609.0
B,94,510,61610.0
B,94,511,61611.0
B,94,512,61612.0
B,94,513,61613.0
B,94,514,61614.0
B,94,515,61615.0
B,94,516,61616.0
B,94,517,61617.0
B,94,518,61618.0
B,94,519,61619.0
B,94,520,61620.0
B,94,521,61621.0
B,94,522,61622.0
B,94,523,61623.0
B,94,524,61624.0
B,94,525,61625.0
B,94,526,61626.0
B,94,527,61627.0
B,94,528,61628.0
B,94,529,61629.0
B,94,530,61630.0
B,94,531,61631.0
B,94,532,61632.0
B,94,533,61633.0
B,94,534,61634.0
B,94,535,61635.0
B,94,536,61636.0
B,94,537,61637.0
B,94,538,61638.0
B,94,539,61639.0
B,94,540,61640.0
B,94,541,61641.0
B,94,542,61642.0
B,94,543,61643.0
B,94,544,61644.0
B,94,545,61645.0
B,94,546,61646.0
B,94,547,61647.0
B,94,548,61648.0
B,94,549,61649.0
B,94,550,61650.0
B,94,551,61651.0
B,94,552,61652.0
B,94,553,61653.0
B,94,554,61654.0
B,94,555,61655.0
B,94,556,61656.0
B,94,557,61657.0
B,94,558,61658.0
B,94,559,61659.0
B,94,560,61660.0
B,94,561,61661.0
B,94,562,61662.0
B,94,563,61663.0
B,94,564,61664.0
B,94,565,61665.0
B,94,566,61666.0
B,94,567,61667.0
B,94,568,61668.0
B,94,569,61669.0
B,94,570,61670.0
B,94,571,61671.0
B,94,572,61672.0
B,94,573,61673.0
B,94,574,61674.0
B,94,575,61675.0
B,94,576,61676.0
B,94,577,61677.0
B,94,578,61678.0
B,94,579,61679.0
B,94,580,61680.0
B,94,581,61681.0
B,94,582,61682.0
B,94,583,61683.0
B,94,584,61684.0
B,94,585,61685.0
B,94,586,61686.0
B,94,587,61687.0
B,94,588,61688.0
B,94,589,61689.0
B,94,590,61690.0
B,94,591,61691.0
B,94,592,61692.0
B,94,593,61693.0
B,94,594,61694.0
B,94,595,61695.0
B,94,596,61696.0
B,94,597,61697.0
B,94,598,61698.0
B,94,599,61699.0
B,94,600,61700.0
B,94,601,61701.0
B,94,602,61702.0
B,94,603,61703.0
B,94,604,61704.0
B,94,605,61705.0
B,94,606,61706.0
B,94,607,61707.0
B,94,608,61708.0
B,94,609,61709.0
B,94,610,61710.0
B,94,611,61711.0
B,94,612,61712.0
B,94,613,61713.0
B,94,614,61714.0
B,94,615,61715.0
B,94,616,61716.0
B,94,617,61717.0
B,94,618,61718.0
B,94,619,61719.0
B,94,620,61720.0
B,94,621,61721.0
B,94,622,61722.0
B,94,623,61723.0
B,94,624,61724.0
B,94,625,61725.0
B,94,626,61726.0
B,94,627,61727.0
B,94,628,61728.0
B,94,629,61729.0
B,94,630,61730.0
B,94,631,61731.0
B,94,632,61732.0
B,94,633,61733.0
B,94,634,61734.0
B,94,635,61735.0
B,94,636,61736.0
B,94,637,61737.0
B,94,638,61738.0
B,94,639,61739.0
B,94,640,61740.0
B,94,641,61741.0
B,94,642,61742.0
B,94,643,61743.0
B,94,644,61744.0
B,94,645,61745.0
B,94,646,61746.0
B,94,647,61747.0
B,94,648,61748.0
B,94,649,61749.0
B,95,0,61750.0
B,95,1,61751.0
B,95,2,61752.0
B,95,3,61753.0
B,95,4,61754.0
B,95,5,61755.0
B,95,6,61756.0
B,95,7,61757.0
B,95,8,61758.0
B,95,9,61759.0
B,95,10,61760.0
B,95,11,61761.0
B,95,12,61762.0
B,95,13,61763.0
B,95,14,61764.0
B,95,15,61765.0
B,95,16,61766.0
B,95,17,61767.0
B,95,18,61768.0
B,95,19,61769.0
B,95,20,61770.0
B,95,21,61771.0
B,95,22,61772.0
B,95,23,61773.0
B,95,24,61774.0
B,95,25,61775.0
B,95,26,61776.0
B,95,27,61777.0
B,95,28,61778.0
B,95,29,61779.0
B,95,30,61780.0
B,95,31,61781.0
B,95,32,61782.0
B,95,33,61783.0
B,95,34,61784.0
B,95,35,61785.0
B,95,36,61786.0
B,95,37,61787.0
B,95,38,61788.0
B,95,39,61789.0
B,95,40,61790.0
B,95,41,61791.0
B,95,42,61792.0
B,95,43,61793.0
B,95,44,61794.0
B,95,45,61795.0
B,95,46,61796.0
B,95,47,61797.0
B,95,48,61798.0
B,95,49,61799.0
B,95,50,61800.0
B,95,51,61801.0
B,95,52,61802.0
B,95,53,61803.0
B,95,54,61804.0
B,95,55,61805.0
B,95,56,61806.0
B,95,57,61807.0
B,95,58,61808.0
B,95,59,61809.0
B,95,60,61810.0
B,95,61,61811.0
B,95,62,61812.0
B,95,63,61813.0
B,95,64,61814.0
B,95,65,61815.0
B,95,66,61816.0
B,95,67,61817.0
B,95,68,61818.0
B,95,69,61819.0
B,95,70,61820.0
B,95,71,61821.0
B,95,72,61822.0
B,95,73,61823.0
B,95,74,61824.0
B,95,75,61825.0
B,95,76,61826.0
B,95,77,61827.0
B,95,78,61828.0
B,95,79,61829.0
B,95,80,61830.0
B,95,81,61831.0
B,95,82,61832.0
B,95,83,61833.0
B,95,84,61834.0
B,95,85,61835.0
B,95,86,61836.0
B,95,87,61837.0
B,95,88,61838.0
B,95,89,61839.0
B,95,90,61840.0
B,95,91,61841.0
B,95,92,61842.0
B,95,93,61843.0
B,95,94,61844.0
B,95,95,61845.0
B,95,96,61846.0
B,95,97,61847.0
B,95,98,61848.0
B,95,99,61849.0
B,95,100,61850.0
B,95,101,61851.0
B,95,102,61852.0
B,95,103,61853.0
B,95,104,61854.0
B,95,105,61855.0
B,95,106,61856.0
B,95,107,61857.0
B,95,108,61858.0
B,95,109,61859.0
B,95,110,61860.0
B,95,111,61861.0
B,95,112,61862.0
B,95,113,61863.0
B,95,114,61864.0
B,95,115,61865.0
B,95,116,61866.0
B,95,117,61867.0
B,95,118,61868.0
B,95,119,61869.0
B,95,120,61870.0
B,95,121,61871.0
B,95,122,61872.0
B,95,123,61873.0
B,95,124,61874.0
B,95,125,61875.0
B,95,126,61876.0
B,95,127,61877.0
B,95,128,61878.0
B,95,129,61879.0
B,95,130,61880.0
B,95,131,61881.0
B,95,132,61882.0
B,95,133,61883.0
B,95,134,61884.0
B,95,135,61885.0
B,95,136,61886.0
B,95,137,61887.0
B,95,138,61888.0
B,95,139,61889.0
B,95,140,61890.0
B,95,141,61891.0
B,95,142,61892.0
B,95,143,61893.0
B,95,144,61894.0
B,95,145,61895.0
B,95,146,61896.0
B,95,147,61897.0
B,95,148,61898.0
B,95,149,61899.0
B,95,150,61900.0
B,95,151,61901.0
B,95,152,61902.0
B,95,153,61903.0
B,95,154,61904.0
B,95,155,61905.0
B,95,156,61906.0
B,95,157,61907.0
B,95,158,61908.0
B,95,159,61909.0
B,95,160,61910.0
B,95,161,61911.0
B,95,162,61912.0
B,95,163,61913.0
B,95,164,61914.0
B,95,165,61915.0
B,95,166,61916.0
B,95,167,61917.0
B,95,168,61918.0
B,95,169,61919.0
B,95,170,61920.0
B,95,171,61921.0
B,95,172,61922.0
B,95,173,61923.0
B,95,174,61924.0
B,95,175,61925.0
B,95,176,61926.0
B,95,177,61927.0
B,95,178,61928.0
B,95,179,61929.0
B,95,180,61930.0
B,95,181,61931.0
B,95,182,61932.0
B,95,183,61933.0
B,95,184,61934.0
B,95,185,61935.0
B,95,186,61936.0
B,95,187,61937.0
B,95,188,61938.0
B,95,189,61939.0
B,95,190,61940.0
B,95,191,61941.0
B,95,192,61942.0
B,95,193,61943.0
B,95,194,61944.0
B,95,195,61945.0
B,95,196,61946.0
B,95,197,61947.0
B,95,198,61948.0
B,95,199,61949.0
B,95,200,61950.0
B,95,201,61951.0
B,95,202,61952.0
B,95,203,61953.0
B,95,204,61954.0
B,95,205,61955.0
B,95,206,61956.0
B,95,207,61957.0
B,95,208,61958.0
B,95,209,61959.0
B,95,210,61960.0
B,95,211,61961.0
B,95,212,61962.0
B,95,213,61963.0
B,95,214,61964.0
B,95,215,61965.0
B,95,216,61966.0
B,95,217,61967.0
B,95,218,61968.0
B,95,219,61969.0
B,95,220,61970.0
B,95,221,61971.0
B,95,222,61972.0
B,95,223,61973.0
B,95,224,61974.0
B,95,225,61975.0
B,95,226,61976.0
B,95,227,61977.0
B,95,228,61978.0
B,95,229,61979.0
B,95,230,61980.0
B,95,231,61981.0
B,95,232,61982.0
B,95,233,61983.0
B,95,234,61984.0
B,95,235,61985.0
B,95,236,61986.0
B,95,237,61987.0
B,95,238,61988.0
B,95,239,61989.0
B,95,240,61990.0
B,95,241,61991.0
B,95,242,61992.0
B,95,243,61993.0
B,95,244,61994.0
B,95,245,61995.0
B,95,246,61996.0
B,95,247,61997.0
B,95,248,61998.0
B,95,249,61999.0
B,95,250,62000.0
B,95,251,62001.0
B,95,252,62002.0
B,95,253,62003.0
B,95,254,62004.0
B,95,255,62005.0
B,95,256,62006.0
B,95,257,62007.0
B,95,258,62008.0
B,95,259,62009.0
B,95,260,62010.0
B,95,261,62011.0
B,95,262,62012.0
B,95,263,62013.0
B,95,264,62014.0
B,95,265,62015.0
B,95,266,62016.0
B,95,267,62017.0
B,95,268,62018.0
B,95,269,62019.0
B,95,270,62020.0
B,95,271,62021.0
B,95,272,62022.0
B,95,273,62023.0
B,95,274,62024.0
B,95,275,62025.0
B,95,276,62026.0
B,95,277,62027.0
B,95,278,62028.0
B,95,279,62029.0
B,95,280,62030.0
B,95,281,62031.0
B,95,282,62032.0
B,95,283,62033.0
B,95,284,62034.0
B,95,285,62035.0
B,95,286,62036.0
B,95,287,62037.0
B,95,288,62038.0
B,95,289,62039.0
B,95,290,62040.0
B,95,291,62041.0
B,95,292,62042.0
B,95,293,62043.0
B,95,294,62044.0
B,95,295,62045.0
B,95,296,62046.0
B,95,297,62047.0
B,95,298,62048.0
B,95,299,62049.0
B,95,300,62050.0
B,95,301,62051.0
B,95,302,62052.0
B,95,303,62053.0
B,95,304,62054.0
B,95,305,62055.0
B,95,306,62056.0
B,95,307,62057.0
B,95,308,62058.0
B,95,309,62059.0
B,95,310,62060.0
B,95,311,62061.0
B,95,312,62062.0
B,95,313,62063.0
B,95,314,62064.0
B,95,315,62065.0
B,95,316,62066.0
B,95,317,62067.0
B,95,318,62068.0
B,95,319,62069.0
B,95,320,62070.0
B,95,321,62071.0
B,95,322,62072.0
B,95,323,62073.0
B,95,324,62074.0
B,95,325,62075.0
B,95,326,62076.0
B,95,327,62077.0
B,95,328,62078.0
B,95,329,62079.0
B,95,330,62080.0
B,95,331,62081.0
B,95,332,62082.0
B,95,333,62083.0
B,95,334,62084.0
B,95,335,62085.0
B,95,336,62086.0
B,95,337,62087.0
B,95,338,62088.0
B,95,339,62089.0
B,95,340,62090.0
B,95,341,62091.0
B,95,342,62092.0
B,95,343,62093.0
B,95,344,62094.0
B,95,345,62095.0
B,95,346,62096.0
B,95,347,62097.0
B,95,348,62098.0
B,95,349,62099.0
B,95,350,62100.0
B,95,351,62101.0
B,95,352,62102.0
B,95,353,62103.0
B,95,354,62104.0
B,95,355,62105.0
B,95,356,62106.0
B,95,357,62107.0
B,95,358,62108.0
B,95,359,62109.0
B,95,360,62110.0
B,95,361,62111.0
B,95,362,62112.0
B,95,363,62113.0
B,95,364,62114.0
B,95,365,62115.0
B,95,366,62116.0
B,95,367,62117.0
B,95,368,62118.0
B,95,369,62119.0
B,95,370,62120.0
B,95,371,62121.0
B,95,372,62122.0
B,95,373,62123.0
B,95,374,62124.0
B,95,375,62125.0
B,95,376,62126.0
B,95,377,62127.0
B,95,378,62128.0
B,95,379,62129.0
B,95,380,62130.0
B,95,381,62131.0
B,95,382,62132.0
B,95,383,62133.0
B,95,384,62134.0
B,95,385,62135.0
B,95,386,62136.0
B,95,387,62137.0
B,95,388,62138.0
B,95,389,62139.0
B,95,390,62140.0
B,95,391,62141.0
B,95,392,62142.0
B,95,393,62143.0
B,95,394,62144.0
B,95,395,62145.0
B,95,396,62146.0
B,95,397,62147.0
B,95,398,62148.0
B,95,399,62149.0
B,95,400,62150.0
B,95,401,62151.0
B,95,402,62152.0
B,95,403,62153.0
B,95,404,62154.0
B,95,405,62155.0
B,95,406,62156.0
B,95,407,62157.0
B,95,408,62158.0
B,95,409,62159.0
B,95,410,62160.0
B,95,411,62161.0
B,95,412,62162.0
B,95,413,62163.0
B,95,414,62164.0
B,95,415,62165.0
B,95,416,62166.0
B,95,417,62167.0
B,95,418,62168.0
B,95,419,62169.0
B,95,420,62170.0
B,95,421,62171.0
B,95,422,62172.0
B,95,423,62173.0
B,95,424,62174.0
B,95,425,62175.0
B,95,426,62176.0
B,95,427,62177.0
B,95,428,62178.0
B,95,429,62179.0
B,95,430,62180.0
B,95,431,62181.0
B,95,432,62182.0
B,95,433,62183.0
B,95,434,62184.0
B,95,435,62185.0
B,95,436,62186.0
B,95,437,62187.0
B,95,438,62188.0
B,95,439,62189.0
B,95,440,62190.0
B,95,441,62191.0
B,95,442,62192.0
B,95,443,62193.0
B,95,444,62194.0
B,95,445,62195.0
B,95,446,62196.0
B,95,447,62197.0
B,95,448,62198.0
B,95,449,62199.0
B,95,450,62200.0
B,95,451,62201.0
B,95,452,62202.0
B,95,453,62203.0
B,95,454,62204.0
B,95,455,62205.0
B,95,456,62206.0
B,95,457,62207.0
B,95,458,62208.0
B,95,459,62209.0
B,95,460,62210.0
B,95,461,62211.0
B,95,462,62212.0
B,95,463,62213.0
B,95,464,62214.0
B,95,465,62215.0
B,95,466,62216.0
B,95,467,62217.0
B,95,468,62218.0
B,95,469,62219.0
B,95,470,62220.0
B,95,471,62221.0
B,95,472,62222.0
B,95,473,62223.0
B,95,474,62224.0
B,95,475,62225.0
B,95,476,62226.0
B,95,477,62227.0
B,95,478,62228.0
B,95,479,62229.0
B,95,480,62230.0
B,95,481,62231.0
B,95,482,62232.0
B,95,483,62233.0
B,95,484,62234.0
B,95,485,62235.0
B,95,486,62236.0
B,95,487,62237.0
B,95,488,62238.0
B,95,489,62239.0
B,95,490,62240.0
B,95,491,62241.0
B,95,492,62242.0
B,95,493,62243.0
B,95,494,62244.0
B,95,495,62245.0
B,95,496,62246.0
B,95,497,62247.0
B,95,498,62248.0
B,95,499,62249.0
B,95,500,62250.0
B,95,501,62251.0
B,95,502,62252.0
B,95,503,62253.0
B,95,504,62254.0
B,95,505,62255.0
B,95,506,62256.0
B,95,507,62257.0
B,95,508,62258.0
B,95,509,62259.0
B,95,510,62260.0
B,95,511,62261.0
B,95,512,62262.0
B,95,513,62263.0
B,95,514,62264.0
B,95,515,62265.0
B,95,516,62266.0
B,95,517,62267.0
B,95,518,62268.0
B,95,519,62269.0
B,95,520,62270.0
B,95,521,62271.0
B,95,522,62272.0
B,95,523,62273.0
B,95,524,62274.0
B,95,525,62275.0
B,95,526,62276.0
B,95,527,62277.0
B,95,528,62278.0
B,95,529,62279.0
B,95,530,62280.0
B,95,531,62281.0
B,95,532,62282.0
B,95,533,62283.0
B,95,534,62284.0
B,95,535,62285.0
B,95,536,62286.0
B,95,537,62287.0
B,95,538,62288.0
B,95,539,62289.0
B,95,540,62290.0
B,95,541,62291.0
B,95,542,62292.0
B,95,543,62293.0
B,95,544,62294.0
B,95,545,62295.0
B,95,546,62296.0
B,95,547,62297.0
B,95,548,62298.0
B,95,549,62299.0
B,95,550,62300.0
B,95,551,62301.0
B,95,552,62302.0
B,95,553,62303.0
B,95,554,62304.0
B,95,555,62305.0
B,95,556,62306.0
B,95,557,62307.0
B,95,558,62308.0
B,95,559,62309.0
B,95,560,62310.0
B,95,561,62311.0
B,95,562,62312.0
B,95,563,62313.0
B,95,564,62314.0
B,95,565,62315.0
B,95,566,62316.0
B,95,567,62317.0
B,95,568,62318.0
B,95,569,62319.0
B,95,570,62320.0
B,95,571,62321.0
B,95,572,62322.0
B,95,573,62323.0
B,95,574,62324.0
B,95,575,62325.0
B,95,576,62326.0
B,95,577,62327.0
B,95,578,62328.0
B,95,579,62329.0
B,95,580,62330.0
B,95,581,62331.0
B,95,582,62332.0
B,95,583,62333.0
B,95,584,62334.0
B,95,585,62335.0
B,95,586,62336.0
B,95,587,62337.0
B,95,588,62338.0
B,95,589,62339.0
B,95,590,62340.0
B,95,591,62341.0
B,95,592,62342.0
B,95,593,62343.0
B,95,594,62344.0
B,95,595,62345.0
B,95,596,62346.0
B,95,597,62347.0
B,95,598,62348.0
B,95,599,62349.0
B,95,600,62350.0
B,95,601,62351.0
B,95,602,62352.0
B,95,603,62353.0
B,95,604,62354.0
B,95,605,62355.0
B,95,606,62356.0
B,95,607,62357.0
B,95,608,62358.0
B,95,609,62359.0
B,95,610,62360.0
B,95,611,62361.0
B,95,612,62362.0
B,95,613,62363.0
B,95,614,62364.0
B,95,615,62365.0
B,95,616,62366.0
B,95,617,62367.0
B,95,618,62368.0
B,95,619,62369.0
B,95,620,62370.0
B,95,621,62371.0
B,95,622,62372.0
B,95,623,62373.0
B,95,624,62374.0
B,95,625,62375.0
B,95,626,62376.0
B,95,627,62377.0
B,95,628,62378.0
B,95,629,62379.0
B,95,630,62380.0
B,95,631,62381.0
B,95,632,62382.0
B,95,633,62383.0
B,95,634,62384.0
B,95,635,62385.0
B,95,636,62386.0
B,95,637,62387.0
B,95,638,62388.0
B,95,639,62389.0
B,95,640,62390.0
B,95,641,62391.0
B,95,642,62392.0
B,95,643,62393.0
B,95,644,62394.0
B,95,645,62395.0
B,95,646,62396.0
B,95,647,62397.0
B,95,648,62398.0
B,95,649,62399.0
B,96,0,62400.0
B,96,1,62401.0
B,96,2,62402.0
B,96,3,62403.0
B,96,4,62404.0
B,96,5,62405.0
B,96,6,62406.0
B,96,7,62407.0
B,96,8,62408.0
B,96,9,62409.0
B,96,10,62410.0
B,96,11,62411.0
B,96,12,62412.0
B,96,13,62413.0
B,96,14,62414.0
B,96,15,62415.0
B,96,16,62416.0
B,96,17,62417.0
B,96,18,62418.0
B,96,19,62419.0
B,96,20,62420.0
B,96,21,62421.0
B,96,22,62422.0
B,96,23,62423.0
B,96,24,62424.0
B,96,25,62425.0
B,96,26,62426.0
B,96,27,62427.0
B,96,28,62428.0
B,96,29,62429.0
B,96,30,62430.0
B,96,31,62431.0
B,96,32,62432.0
B,96,33,62433.0
B,96,34,62434.0
B,96,35,62435.0
B,96,36,62436.0
B,96,37,62437.0
B,96,38,62438.0
B,96,39,62439.0
B,96,40,62440.0
B,96,41,62441.0
B,96,42,62442.0
B,96,43,62443.0
B,96,44,62444.0
B,96,45,62445.0
B,96,46,62446.0
B,96,47,62447.0
B,96,48,62448.0
B,96,49,62449.0
B,96,50,62450.0
B,96,51,62451.0
B,96,52,62452.0
B,96,53,62453.0
B,96,54,62454.0
B,96,55,62455.0
B,96,56,62456.0
B,96,57,62457.0
B,96,58,62458.0
B,96,59,62459.0
B,96,60,62460.0
B,96,61,62461.0
B,96,62,62462.0
B,96,63,62463.0
B,96,64,62464.0
B,96,65,62465.0
B,96,66,62466.0
B,96,67,62467.0
B,96,68,62468.0
B,96,69,62469.0
B,96,70,62470.0
B,96,71,62471.0
B,96,72,62472.0
B,96,73,62473.0
B,96,74,62474.0
B,96,75,62475.0
B,96,76,62476.0
B,96,77,62477.0
B,96,78,62478.0
B,96,79,62479.0
B,96,80,62480.0
B,96,81,62481.0
B,96,82,62482.0
B,96,83,62483.0
B,96,84,62484.0
B,96,85,62485.0
B,96,86,62486.0
B,96,87,62487.0
B,96,88,62488.0
B,96,89,62489.0
B,96,90,62490.0
B,96,91,62491.0
B,96,92,62492.0
B,96,93,62493.0
B,96,94,62494.0
B,96,95,62495.0
B,96,96,62496.0
B,96,97,62497.0
B,96,98,62498.0
B,96,99,62499.0
B,96,100,62500.0
B,96,101,62501.0
B,96,102,62502.0
B,96,103,62503.0
B,96,104,62504.0
B,96,105,62505.0
B,96,106,62506.0
B,96,107,62507.0
B,96,108,62508.0
B,96,109,62509.0
B,96,110,62510.0
B,96,111,62511.0
B,96,112,62512.0
B,96,113,62513.0
B,96,114,62514.0
B,96,115,62515.0
B,96,116,62516.0
B,96,117,62517.0
B,96,118,62518.0
B,96,119,62519.0
B,96,120,62520.0
B,96,121,62521.0
B,96,122,62522.0
B,96,123,62523.0
B,96,124,62524.0
B,96,125,62525.0
B,96,126,62526.0
B,96,127,62527.0
B,96,128,62528.0
B,96,129,62529.0
B,96,130,62530.0
B,96,131,62531.0
B,96,132,62532.0
B,96,133,62533.0
B,96,134,62534.0
B,96,135,62535.0
B,96,136,62536.0
B,96,137,62537.0
B,96,138,62538.0
B,96,139,62539.0
B,96,140,62540.0
B,96,141,62541.0
B,96,142,62542.0
B,96,143,62543.0
B,96,144,62544.0
B,96,145,62545.0
B,96,146,62546.0
B,96,147,62547.0
B,96,148,62548.0
B,96,149,62549.0
B,96,150,62550.0
B,96,151,62551.0
B,96,152,62552.0
B,96,153,62553.0
B,96,154,62554.0
B,96,155,62555.0
B,96,156,62556.0
B,96,157,62557.0
B,96,158,62558.0
B,96,159,62559.0
B,96,160,62560.0
B,96,161,62561.0
B,96,162,62562.0
B,96,163,62563.0
B,96,164,62564.0
B,96,165,62565.0
B,96,166,62566.0
B,96,167,62567.0
B,96,168,62568.0
B,96,169,62569.0
B,96,170,62570.0
B,96,171,62571.0
B,96,172,62572.0
B,96,173,62573.0
B,96,174,62574.0
B,96,175,62575.0
B,96,176,62576.0
B,96,177,62577.0
B,96,178,62578.0
B,96,179,62579.0
B,96,180,62580.0
B,96,181,62581.0
B,96,182,62582.0
B,96,183,62583.0
B,96,184,62584.0
B,96,185,62585.0
B,96,186,62586.0
B,96,187,62587.0
B,96,188,62588.0
B,96,189,62589.0
B,96,190,62590.0
B,96,191,62591.0
B,96,192,62592.0
B,96,193,62593.0
B,96,194,62594.0
B,96,195,62595.0
B,96,196,62596.0
B,96,197,62597.0
B,96,198,62598.0
B,96,199,62599.0
B,96,200,62600.0
B,96,201,62601.0
B,96,202,62602.0
B,96,203,62603.0
B,96,204,62604.0
B,96,205,62605.0
B,96,206,62606.0
B,96,207,62607.0
B,96,208,62608.0
B,96,209,62609.0
B,96,210,62610.0
B,96,211,62611.0
B,96,212,62612.0
B,96,213,62613.0
B,96,214,62614.0
B,96,215,62615.0
B,96,216,62616.0
B,96,217,62617.0
B,96,218,62618.0
B,96,219,62619.0
B,96,220,62620.0
B,96,221,62621.0
B,96,222,62622.0
B,96,223,62623.0
B,96,224,62624.0
B,96,225,62625.0
B,96,226,62626.0
B,96,227,62627.0
B,96,228,62628.0
B,96,229,62629.0
B,96,230,62630.0
B,96,231,62631.0
B,96,232,62632.0
B,96,233,62633.0
B,96,234,62634.0
B,96,235,62635.0
B,96,236,62636.0
B,96,237,62637.0
B,96,238,62638.0
B,96,239,62639.0
B,96,240,62640.0
B,96,241,62641.0
B,96,242,62642.0
B,96,243,62643.0
B,96,244,62644.0
B,96,245,62645.0
B,96,246,62646.0
B,96,247,62647.0
B,96,248,62648.0
B,96,249,62649.0
B,96,250,62650.0
B,96,251,62651.0
B,96,252,62652.0
B,96,253,62653.0
B,96,254,62654.0
B,96,255,62655.0
B,96,256,62656.0
B,96,257,62657.0
B,96,258,62658.0
B,96,259,62659.0
B,96,260,62660.0
B,96,261,62661.0
B,96,262,62662.0
B,96,263,62663.0
B,96,264,62664.0
B,96,265,62665.0
B,96,266,62666.0
B,96,267,62667.0
B,96,268,62668.0
B,96,269,62669.0
B,96,270,62670.0
B,96,271,62671.0
B,96,272,62672.0
B,96,273,62673.0
B,96,274,62674.0
B,96,275,62675.0
B,96,276,62676.0
B,96,277,62677.0
B,96,278,62678.0
B,96,279,62679.0
B,96,280,62680.0
B,96,281,62681.0
B,96,282,62682.0
B,96,283,62683.0
B,96,284,62684.0
B,96,285,62685.0
B,96,286,62686.0
B,96,287,62687.0
B,96,288,62688.0
B,96,289,62689.0
B,96,290,62690.0
B,96,291,62691.0
B,96,292,62692.0
B,96,293,62693.0
B,96,294,62694.0
B,96,295,62695.0
B,96,296,62696.0
B,96,297,62697.0
B,96,298,62698.0
B,96,299,62699.0
B,96,300,62700.0
B,96,301,62701.0
B,96,302,62702.0
B,96,303,62703.0
B,96,304,62704.0
B,96,305,62705.0
B,96,306,62706.0
B,96,307,62707.0
B,96,308,62708.0
B,96,309,62709.0
B,96,310,62710.0
B,96,311,62711.0
B,96,312,62712.0
B,96,313,62713.0
B,96,314,62714.0
B,96,315,62715.0
B,96,316,62716.0
B,96,317,62717.0
B,96,318,62718.0
B,96,319,62719.0
B,96,320,62720.0
B,96,321,62721.0
B,96,322,62722.0
B,96,323,62723.0
B,96,324,62724.0
B,96,325,62725.0
B,96,326,62726.0
B,96,327,62727.0
B,96,328,62728.0
B,96,329,62729.0
B,96,330,62730.0
B,96,331,62731.0
B,96,332,62732.0
B,96,333,62733.0
B,96,334,62734.0
B,96,335,62735.0
B,96,336,62736.0
B,96,337,62737.0
B,96,338,62738.0
B,96,339,62739.0
B,96,340,62740.0
B,96,341,62741.0
B,96,342,62742.0
B,96,343,62743.0
B,96,344,62744.0
B,96,345,62745.0
B,96,346,62746.0
B,96,347,62747.0
B,96,348,62748.0
B,96,349,62749.0
B,96,350,62750.0
B,96,351,62751.0
B,96,352,62752.0
B,96,353,62753.0
B,96,354,62754.0
B,96,355,62755.0
B,96,356,62756.0
B,96,357,62757.0
B,96,358,62758.0
B,96,359,62759.0
B,96,360,62760.0
B,96,361,62761.0
B,96,362,62762.0
B,96,363,62763.0
B,96,364,62764.0
B,96,365,62765.0
B,96,366,62766.0
B,96,367,62767.0
B,96,368,62768.0
B,96,369,62769.0
B,96,370,62770.0
B,96,371,62771.0
B,96,372,62772.0
B,96,373,62773.0
B,96,374,62774.0
B,96,375,62775.0
B,96,376,62776.0
B,96,377,62777.0
B,96,378,62778.0
B,96,379,62779.0
B,96,380,62780.0
B,96,381,62781.0
B,96,382,62782.0
B,96,383,62783.0
B,96,384,62784.0
B,96,385,62785.0
B,96,386,62786.0
B,96,387,62787.0
B,96,388,62788.0
B,96,389,62789.0
B,96,390,62790.0
B,96,391,62791.0
B,96,392,62792.0
B,96,393,62793.0
B,96,394,62794.0
B,96,395,62795.0
B,96,396,62796.0
B,96,397,62797.0
B,96,398,62798.0
B,96,399,62799.0
B,96,400,62800.0
B,96,401,62801.0
B,96,402,62802.0
B,96,403,62803.0
B,96,404,62804.0
B,96,405,62805.0
B,96,406,62806.0
B,96,407,62807.0
B,96,408,62808.0
B,96,409,62809.0
B,96,410,62810.0
B,96,411,62811.0
B,96,412,62812.0
B,96,413,62813.0
B,96,414,62814.0
B,96,415,62815.0
B,96,416,62816.0
B,96,417,62817.0
B,96,418,62818.0
B,96,419,62819.0
B,96,420,62820.0
B,96,421,62821.0
B,96,422,62822.0
B,96,423,62823.0
B,96,424,62824.0
B,96,425,62825.0
B,96,426,62826.0
B,96,427,62827.0
B,96,428,62828.0
B,96,429,62829.0
B,96,430,62830.0
B,96,431,62831.0
B,96,432,62832.0
B,96,433,62833.0
B,96,434,62834.0
B,96,435,62835.0
B,96,436,62836.0
B,96,437,62837.0
B,96,438,62838.0
B,96,439,62839.0
B,96,440,62840.0
B,96,441,62841.0
B,96,442,62842.0
B,96,443,62843.0
B,96,444,62844.0
B,96,445,62845.0
B,96,446,62846.0
B,96,447,62847.0
B,96,448,62848.0
B,96,449,62849.0
B,96,450,62850.0
B,96,451,62851.0
B,96,452,62852.0
B,96,453,62853.0
B,96,454,62854.0
B,96,455,62855.0
B,96,456,62856.0
B,96,457,62857.0
B,96,458,62858.0
B,96,459,62859.0
B,96,460,62860.0
B,96,461,62861.0
B,96,462,62862.0
B,96,463,62863.0
B,96,464,62864.0
B,96,465,62865.0
B,96,466,62866.0
B,96,467,62867.0
B,96,468,62868.0
B,96,469,62869.0
B,96,470,62870.0
B,96,471,62871.0
B,96,472,62872.0
B,96,473,62873.0
B,96,474,62874.0
B,96,475,62875.0
B,96,476,62876.0
B,96,477,62877.0
B,96,478,62878.0
B,96,479,62879.0
B,96,480,62880.0
B,96,481,62881.0
B,96,482,62882.0
B,96,483,62883.0
B,96,484,62884.0
B,96,485,62885.0
B,96,486,62886.0
B,96,487,62887.0
B,96,488,62888.0
B,96,489,62889.0
B,96,490,62890.0
B,96,491,62891.0
B,96,492,62892.0
B,96,493,62893.0
B,96,494,62894.0
B,96,495,62895.0
B,96,496,62896.0
B,96,497,62897.0
B,96,498,62898.0
B,96,499,62899.0
B,96,500,62900.0
B,96,501,62901.0
B,96,502,62902.0
B,96,503,62903.0
B,96,504,62904.0
B,96,505,62905.0
B,96,506,62906.0
B,96,507,62907.0
B,96,508,62908.0
B,96,509,62909.0
B,96,510,62910.0
B,96,511,62911.0
B,96,512,62912.0
B,96,513,62913.0
B,96,514,62914.0
B,96,515,62915.0
B,96,516,62916.0
B,96,517,62917.0
B,96,518,62918.0
B,96,519,62919.0
B,96,520,62920.0
B,96,521,62921.0
B,96,522,62922.0
B,96,523,62923.0
B,96,524,62924.0
B,96,525,62925.0
B,96,526,62926.0
B,96,527,62927.0
B,96,528,62928.0
B,96,529,62929.0
B,96,530,62930.0
B,96,531,62931.0
B,96,532,62932.0
B,96,533,62933.0
B,96,534,62934.0
B,96,535,62935.0
B,96,536,62936.0
B,96,537,62937.0
B,96,538,62938.0
B,96,539,62939.0
B,96,540,62940.0
B,96,541,62941.0
B,96,542,62942.0
B,96,543,62943.0
B,96,544,62944.0
B,96,545,62945.0
B,96,546,62946.0
B,96,547,62947.0
B,96,548,62948.0
B,96,549,62949.0
B,96,550,62950.0
B,96,551,62951.0
B,96,552,62952.0
B,96,553,62953.0
B,96,554,62954.0
B,96,555,62955.0
B,96,556,62956.0
B,96,557,62957.0
B,96,558,62958.0
B,96,559,62959.0
B,96,560,62960.0
B,96,561,62961.0
B,96,562,62962.0
B,96,563,62963.0
B,96,564,62964.0
B,96,565,62965.0
B,96,566,62966.0
B,96,567,62967.0
B,96,568,62968.0
B,96,569,62969.0
B,96,570,62970.0
B,96,571,62971.0
B,96,572,62972.0
B,96,573,62973.0
B,96,574,62974.0
B,96,575,62975.0
B,96,576,62976.0
B,96,577,62977.0
B,96,578,62978.0
B,96,579,62979.0
B,96,580,62980.0
B,96,581,62981.0
B,96,582,62982.0
B,96,583,62983.0
B,96,584,62984.0
B,96,585,62985.0
B,96,586,62986.0
B,96,587,62987.0
B,96,588,62988.0
B,96,589,62989.0
B,96,590,62990.0
B,96,591,62991.0
B,96,592,62992.0
B,96,593,62993.0
B,96,594,62994.0
B,96,595,62995.0
B,96,596,62996.0
B,96,597,62997.0
B,96,598,62998.0
B,96,599,62999.0
B,96,600,63000.0
B,96,601,63001.0
B,96,602,63002.0
B,96,603,63003.0
B,96,604,63004.0
B,96,605,63005.0
B,96,606,63006.0
B,96,607,63007.0
B,96,608,63008.0
B,96,609,63009.0
B,96,610,63010.0
B,96,611,63011.0
B,96,612,63012.0
B,96,613,63013.0
B,96,614,63014.0
B,96,615,63015.0
B,96,616,63016.0
B,96,617,63017.0
B,96,618,63018.0
B,96,619,63019.0
B,96,620,63020.0
B,96,621,63021.0
B,96,622,63022.0
B,96,623,63023.0
B,96,624,63024.0
B,96,625,63025.0
B,96,626,63026.0
B,96,627,63027.0
B,96,628,63028.0
B,96,629,63029.0
B,96,630,63030.0
B,96,631,63031.0
B,96,632,63032.0
B,96,633,63033.0
B,96,634,63034.0
B,96,635,63035.0
B,96,636,63036.0
B,96,637,63037.0
B,96,638,63038.0
B,96,639,63039.0
B,96,640,63040.0
B,96,641,63041.0
B,96,642,63042.0
B,96,643,63043.0
B,96,644,63044.0
B,96,645,63045.0
B,96,646,63046.0
B,96,647,63047.0
B,96,648,63048.0
B,96,649,63049.0
B,97,0,63050.0
B,97,1,63051.0
B,97,2,63052.0
B,97,3,63053.0
B,97,4,63054.0
B,97,5,63055.0
B,97,6,63056.0
B,97,7,63057.0
B,97,8,63058.0
B,97,9,63059.0
B,97,10,63060.0
B,97,11,63061.0
B,97,12,63062.0
B,97,13,63063.0
B,97,14,63064.0
B,97,15,63065.0
B,97,16,63066.0
B,97,17,63067.0
B,97,18,63068.0
B,97,19,63069.0
B,97,20,63070.0
B,97,21,63071.0
B,97,22,63072.0
B,97,23,63073.0
B,97,24,63074.0
B,97,25,63075.0
B,97,26,63076.0
B,97,27,63077.0
B,97,28,63078.0
B,97,29,63079.0
B,97,30,63080.0
B,97,31,63081.0
B,97,32,63082.0
B,97,33,63083.0
B,97,34,63084.0
B,97,35,63085.0
B,97,36,63086.0
B,97,37,63087.0
B,97,38,63088.0
B,97,39,63089.0
B,97,40,63090.0
B,97,41,63091.0
B,97,42,63092.0
B,97,43,63093.0
B,97,44,63094.0
B,97,45,63095.0
B,97,46,63096.0
B,97,47,63097.0
B,97,48,63098.0
B,97,49,63099.0
B,97,50,63100.0
B,97,51,63101.0
B,97,52,63102.0
B,97,53,63103.0
B,97,54,63104.0
B,97,55,63105.0
B,97,56,63106.0
B,97,57,63107.0
B,97,58,63108.0
B,97,59,63109.0
B,97,60,63110.0
B,97,61,63111.0
B,97,62,63112.0
B,97,63,63113.0
B,97,64,63114.0
B,97,65,63115.0
B,97,66,63116.0
B,97,67,63117.0
B,97,68,63118.0
B,97,69,63119.0
B,97,70,63120.0
B,97,71,63121.0
B,97,72,63122.0
B,97,73,63123.0
B,97,74,63124.0
B,97,75,63125.0
B,97,76,63126.0
B,97,77,63127.0
B,97,78,63128.0
B,97,79,63129.0
B,97,80,63130.0
B,97,81,63131.0
B,97,82,63132.0
B,97,83,63133.0
B,97,84,63134.0
B,97,85,63135.0
B,97,86,63136.0
B,97,87,63137.0
B,97,88,63138.0
B,97,89,63139.0
B,97,90,63140.0
B,97,91,63141.0
B,97,92,63142.0
B,97,93,63143.0
B,97,94,63144.0
B,97,95,63145.0
B,97,96,63146.0
B,97,97,63147.0
B,97,98,63148.0
B,97,99,63149.0
B,97,100,63150.0
B,97,101,63151.0
B,97,102,63152.0
B,97,103,63153.0
B,97,104,63154.0
B,97,105,63155.0
B,97,106,63156.0
B,97,107,63157.0
B,97,108,63158.0
B,97,109,63159.0
B,97,110,63160.0
B,97,111,63161.0
B,97,112,63162.0
B,97,113,63163.0
B,97,114,63164.0
B,97,115,63165.0
B,97,116,63166.0
B,97,117,63167.0
B,97,118,63168.0
B,97,119,63169.0
B,97,120,63170.0
B,97,121,63171.0
B,97,122,63172.0
B,97,123,63173.0
B,97,124,63174.0
B,97,125,63175.0
B,97,126,63176.0
B,97,127,63177.0
B,97,128,63178.0
B,97,129,63179.0
B,97,130,63180.0
B,97,131,63181.0
B,97,132,63182.0
B,97,133,63183.0
B,97,134,63184.0
B,97,135,63185.0
B,97,136,63186.0
B,97,137,63187.0
B,97,138,63188.0
B,97,139,63189.0
B,97,140,63190.0
B,97,141,63191.0
B,97,142,63192.0
B,97,143,63193.0
B,97,144,63194.0
B,97,145,63195.0
B,97,146,63196.0
B,97,147,63197.0
B,97,148,63198.0
B,97,149,63199.0
B,97,150,63200.0
B,97,151,63201.0
B,97,152,63202.0
B,97,153,63203.0
B,97,154,63204.0
B,97,155,63205.0
B,97,156,63206.0
B,97,157,63207.0
B,97,158,63208.0
B,97,159,63209.0
B,97,160,63210.0
B,97,161,63211.0
B,97,162,63212.0
B,97,163,63213.0
B,97,164,63214.0
B,97,165,63215.0
B,97,166,63216.0
B,97,167,63217.0
B,97,168,63218.0
B,97,169,63219.0
B,97,170,63220.0
B,97,171,63221.0
B,97,172,63222.0
B,97,173,63223.0
B,97,174,63224.0
B,97,175,63225.0
B,97,176,63226.0
B,97,177,63227.0
B,97,178,63228.0
B,97,179,63229.0
B,97,180,63230.0
B,97,181,63231.0
B,97,182,63232.0
B,97,183,63233.0
B,97,184,63234.0
B,97,185,63235.0
B,97,186,63236.0
B,97,187,63237.0
B,97,188,63238.0
B,97,189,63239.0
B,97,190,63240.0
B,97,191,63241.0
B,97,192,63242.0
B,97,193,63243.0
B,97,194,63244.0
B,97,195,63245.0
B,97,196,63246.0
B,97,197,63247.0
B,97,198,63248.0
B,97,199,63249.0
B,97,200,63250.0
B,97,201,63251.0
B,97,202,63252.0
B,97,203,63253.0
B,97,204,63254.0
B,97,205,63255.0
B,97,206,63256.0
B,97,207,63257.0
B,97,208,63258.0
B,97,209,63259.0
B,97,210,63260.0
B,97,211,63261.0
B,97,212,63262.0
B,97,213,63263.0
B,97,214,63264.0
B,97,215,63265.0
B,97,216,63266.0
B,97,217,63267.0
B,97,218,63268.0
B,97,219,63269.0
B,97,220,63270.0
B,97,221,63271.0
B,97,222,63272.0
B,97,223,63273.0
B,97,224,63274.0
B,97,225,63275.0
B,97,226,63276.0
B,97,227,63277.0
B,97,228,63278.0
B,97,229,63279.0
B,97,230,63280.0
B,97,231,63281.0
B,97,232,63282.0
B,97,233,63283.0
B,97,234,63284.0
B,97,235,63285.0
B,97,236,63286.0
B,97,237,63287.0
B,97,238,63288.0
B,97,239,63289.0
B,97,240,63290.0
B,97,241,63291.0
B,97,242,63292.0
B,97,243,63293.0
B,97,244,63294.0
B,97,245,63295.0
B,97,246,63296.0
B,97,247,63297.0
B,97,248,63298.0
B,97,249,63299.0
B,97,250,63300.0
B,97,251,63301.0
B,97,252,63302.0
B,97,253,63303.0
B,97,254,63304.0
B,97,255,63305.0
B,97,256,63306.0
B,97,257,63307.0
B,97,258,63308.0
B,97,259,63309.0
B,97,260,63310.0
B,97,261,63311.0
B,97,262,63312.0
B,97,263,63313.0
B,97,264,63314.0
B,97,265,63315.0
B,97,266,63316.0
B,97,267,63317.0
B,97,268,63318.0
B,97,269,63319.0
B,97,270,63320.0
B,97,271,63321.0
B,97,272,63322.0
B,97,273,63323.0
B,97,274,63324.0
B,97,275,63325.0
B,97,276,63326.0
B,97,277,63327.0
B,97,278,63328.0
B,97,279,63329.0
B,97,280,63330.0
B,97,281,63331.0
B,97,282,63332.0
B,97,283,63333.0
B,97,284,63334.0
B,97,285,63335.0
B,97,286,63336.0
B,97,287,63337.0
B,97,288,63338.0
B,97,289,63339.0
B,97,290,63340.0
B,97,291,63341.0
B,97,292,63342.0
B,97,293,63343.0
B,97,294,63344.0
B,97,295,63345.0
B,97,296,63346.0
B,97,297,63347.0
B,97,298,63348.0
B,97,299,63349.0
B,97,300,63350.0
B,97,301,63351.0
B,97,302,63352.0
B,97,303,63353.0
B,97,304,63354.0
B,97,305,63355.0
B,97,306,63356.0
B,97,307,63357.0
B,97,308,63358.0
B,97,309,63359.0
B,97,310,63360.0
B,97,311,63361.0
B,97,312,63362.0
B,97,313,63363.0
B,97,314,63364.0
B,97,315,63365.0
B,97,316,63366.0
B,97,317,63367.0
B,97,318,63368.0
B,97,319,63369.0
B,97,320,63370.0
B,97,321,63371.0
B,97,322,63372.0
B,97,323,63373.0
B,97,324,63374.0
B,97,325,63375.0
B,97,326,63376.0
B,97,327,63377.0
B,97,328,63378.0
B,97,329,63379.0
B,97,330,63380.0
B,97,331,63381.0
B,97,332,63382.0
B,97,333,63383.0
B,97,334,63384.0
B,97,335,63385.0
B,97,336,63386.0
B,97,337,63387.0
B,97,338,63388.0
B,97,339,63389.0
B,97,340,63390.0
B,97,341,63391.0
B,97,342,63392.0
B,97,343,63393.0
B,97,344,63394.0
B,97,345,63395.0
B,97,346,63396.0
B,97,347,63397.0
B,97,348,63398.0
B,97,349,63399.0
B,97,350,63400.0
B,97,351,63401.0
B,97,352,63402.0
B,97,353,63403.0
B,97,354,63404.0
B,97,355,63405.0
B,97,356,63406.0
B,97,357,63407.0
B,97,358,63408.0
B,97,359,63409.0
B,97,360,63410.0
B,97,361,63411.0
B,97,362,63412.0
B,97,363,63413.0
B,97,364,63414.0
B,97,365,63415.0
B,97,366,63416.0
B,97,367,63417.0
B,97,368,63418.0
B,97,369,63419.0
B,97,370,63420.0
B,97,371,63421.0
B,97,372,63422.0
B,97,373,63423.0
B,97,374,63424.0
B,97,375,63425.0
B,97,376,63426.0
B,97,377,63427.0
B,97,378,63428.0
B,97,379,63429.0
B,97,380,63430.0
B,97,381,63431.0
B,97,382,63432.0
B,97,383,63433.0
B,97,384,63434.0
B,97,385,63435.0
B,97,386,63436.0
B,97,387,63437.0
B,97,388,63438.0
B,97,389,63439.0
B,97,390,63440.0
B,97,391,63441.0
B,97,392,63442.0
B,97,393,63443.0
B,97,394,63444.0
B,97,395,63445.0
B,97,396,63446.0
B,97,397,63447.0
B,97,398,63448.0
B,97,399,63449.0
B,97,400,63450.0
B,97,401,63451.0
B,97,402,63452.0
B,97,403,63453.0
B,97,404,63454.0
B,97,405,63455.0
B,97,406,63456.0
B,97,407,63457.0
B,97,408,63458.0
B,97,409,63459.0
B,97,410,63460.0
B,97,411,63461.0
B,97,412,63462.0
B,97,413,63463.0
B,97,414,63464.0
B,97,415,63465.0
B,97,416,63466.0
B,97,417,63467.0
B,97,418,63468.0
B,97,419,63469.0
B,97,420,63470.0
B,97,421,63471.0
B,97,422,63472.0
B,97,423,63473.0
B,97,424,63474.0
B,97,425,63475.0
B,97,426,63476.0
B,97,427,63477.0
B,97,428,63478.0
B,97,429,63479.0
B,97,430,63480.0
B,97,431,63481.0
B,97,432,63482.0
B,97,433,63483.0
B,97,434,63484.0
B,97,435,63485.0
B,97,436,63486.0
B,97,437,63487.0
B,97,438,63488.0
B,97,439,63489.0
B,97,440,63490.0
B,97,441,63491.0
B,97,442,63492.0
B,97,443,63493.0
B,97,444,63494.0
B,97,445,63495.0
B,97,446,63496.0
B,97,447,63497.0
B,97,448,63498.0
B,97,449,63499.0
B,97,450,63500.0
B,97,451,63501.0
B,97,452,63502.0
B,97,453,63503.0
B,97,454,63504.0
B,97,455,63505.0
B,97,456,63506.0
B,97,457,63507.0
B,97,458,63508.0
B,97,459,63509.0
B,97,460,63510.0
B,97,461,63511.0
B,97,462,63512.0
B,97,463,63513.0
B,97,464,63514.0
B,97,465,63515.0
B,97,466,63516.0
B,97,467,63517.0
B,97,468,63518.0
B,97,469,63519.0
B,97,470,63520.0
B,97,471,63521.0
B,97,472,63522.0
B,97,473,63523.0
B,97,474,63524.0
B,97,475,63525.0
B,97,476,63526.0
B,97,477,63527.0
B,97,478,63528.0
B,97,479,63529.0
B,97,480,63530.0
B,97,481,63531.0
B,97,482,63532.0
B,97,483,63533.0
B,97,484,63534.0
B,97,485,63535.0
B,97,486,63536.0
B,97,487,63537.0
B,97,488,63538.0
B,97,489,63539.0
B,97,490,63540.0
B,97,491,63541.0
B,97,492,63542.0
B,97,493,63543.0
B,97,494,63544.0
B,97,495,63545.0
B,97,496,63546.0
B,97,497,63547.0
B,97,498,63548.0
B,97,499,63549.0
B,97,500,63550.0
B,97,501,63551.0
B,97,502,63552.0
B,97,503,63553.0
B,97,504,63554.0
B,97,505,63555.0
B,97,506,63556.0
B,97,507,63557.0
B,97,508,63558.0
B,97,509,63559.0
B,97,510,63560.0
B,97,511,63561.0
B,97,512,63562.0
B,97,513,63563.0
B,97,514,63564.0
B,97,515,63565.0
B,97,516,63566.0
B,97,517,63567.0
B,97,518,63568.0
B,97,519,63569.0
B,97,520,63570.0
B,97,521,63571.0
B,97,522,63572.0
B,97,523,63573.0
B,97,524,63574.0
B,97,525,63575.0
B,97,526,63576.0
B,97,527,63577.0
B,97,528,63578.0
B,97,529,63579.0
B,97,530,63580.0
B,97,531,63581.0
B,97,532,63582.0
B,97,533,63583.0
B,97,534,63584.0
B,97,535,63585.0
B,97,536,63586.0
B,97,537,63587.0
B,97,538,63588.0
B,97,539,63589.0
B,97,540,63590.0
B,97,541,63591.0
B,97,542,63592.0
B,97,543,63593.0
B,97,544,63594.0
B,97,545,63595.0
B,97,546,63596.0
B,97,547,63597.0
B,97,548,63598.0
B,97,549,63599.0
B,97,550,63600.0
B,97,551,63601.0
B,97,552,63602.0
B,97,553,63603.0
B,97,554,63604.0
B,97,555,63605.0
B,97,556,63606.0
B,97,557,63607.0
B,97,558,63608.0
B,97,559,63609.0
B,97,560,63610.0
B,97,561,63611.0
B,97,562,63612.0
B,97,563,63613.0
B,97,564,63614.0
B,97,565,63615.0
B,97,566,63616.0
B,97,567,63617.0
B,97,568,63618.0
B,97,569,63619.0
B,97,570,63620.0
B,97,571,63621.0
B,97,572,63622.0
B,97,573,63623.0
B,97,574,63624.0
B,97,575,63625.0
B,97,576,63626.0
B,97,577,63627.0
B,97,578,63628.0
B,97,579,63629.0
B,97,580,63630.0
B,97,581,63631.0
B,97,582,63632.0
B,97,583,63633.0
B,97,584,63634.0
B,97,585,63635.0
B,97,586,63636.0
B,97,587,63637.0
B,97,588,63638.0
B,97,589,63639.0
B,97,590,63640.0
B,97,591,63641.0
B,97,592,63642.0
B,97,593,63643.0
B,97,594,63644.0
B,97,595,63645.0
B,97,596,63646.0
B,97,597,63647.0
B,97,598,63648.0
B,97,599,63649.0
B,97,600,63650.0
B,97,601,63651.0
B,97,602,63652.0
B,97,603,63653.0
B,97,604,63654.0
B,97,605,63655.0
B,97,606,63656.0
B,97,607,63657.0
B,97,608,63658.0
B,97,609,63659.0
B,97,610,63660.0
B,97,611,63661.0
B,97,612,63662.0
B,97,613,63663.0
B,97,614,63664.0
B,97,615,63665.0
B,97,616,63666.0
B,97,617,63667.0
B,97,618,63668.0
B,97,619,63669.0
B,97,620,63670.0
B,97,621,63671.0
B,97,622,63672.0
B,97,623,63673.0
B,97,624,63674.0
B,97,625,63675.0
B,97,626,63676.0
B,97,627,63677.0
B,97,628,63678.0
B,97,629,63679.0
B,97,630,63680.0
B,97,631,63681.0
B,97,632,63682.0
B,97,633,63683.0
B,97,634,63684.0
B,97,635,63685.0
B,97,636,63686.0
B,97,637,63687.0
B,97,638,63688.0
B,97,639,63689.0
B,97,640,63690.0
B,97,641,63691.0
B,97,642,63692.0
B,97,643,63693.0
B,97,644,63694.0
B,97,645,63695.0
B,97,646,63696.0
B,97,647,63697.0
B,97,648,63698.0
B,97,649,63699.0
B,98,0,63700.0
B,98,1,63701.0
B,98,2,63702.0
B,98,3,63703.0
B,98,4,63704.0
B,98,5,63705.0
B,98,6,63706.0
B,98,7,63707.0
B,98,8,63708.0
B,98,9,63709.0
B,98,10,63710.0
B,98,11,63711.0
B,98,12,63712.0
B,98,13,63713.0
B,98,14,63714.0
B,98,15,63715.0
B,98,16,63716.0
B,98,17,63717.0
B,98,18,63718.0
B,98,19,63719.0
B,98,20,63720.0
B,98,21,63721.0
B,98,22,63722.0
B,98,23,63723.0
B,98,24,63724.0
B,98,25,63725.0
B,98,26,63726.0
B,98,27,63727.0
B,98,28,63728.0
B,98,29,63729.0
B,98,30,63730.0
B,98,31,63731.0
B,98,32,63732.0
B,98,33,63733.0
B,98,34,63734.0
B,98,35,63735.0
B,98,36,63736.0
B,98,37,63737.0
B,98,38,63738.0
B,98,39,63739.0
B,98,40,63740.0
B,98,41,63741.0
B,98,42,63742.0
B,98,43,63743.0
B,98,44,63744.0
B,98,45,63745.0
B,98,46,63746.0
B,98,47,63747.0
B,98,48,63748.0
B,98,49,63749.0
B,98,50,63750.0
B,98,51,63751.0
B,98,52,63752.0
B,98,53,63753.0
B,98,54,63754.0
B,98,55,63755.0
B,98,56,63756.0
B,98,57,63757.0
B,98,58,63758.0
B,98,59,63759.0
B,98,60,63760.0
B,98,61,63761.0
B,98,62,63762.0
B,98,63,63763.0
B,98,64,63764.0
B,98,65,63765.0
B,98,66,63766.0
B,98,67,63767.0
B,98,68,63768.0
B,98,69,63769.0
B,98,70,63770.0
B,98,71,63771.0
B,98,72,63772.0
B,98,73,63773.0
B,98,74,63774.0
B,98,75,63775.0
B,98,76,63776.0
B,98,77,63777.0
B,98,78,63778.0
B,98,79,63779.0
B,98,80,63780.0
B,98,81,63781.0
B,98,82,63782.0
B,98,83,63783.0
B,98,84,63784.0
B,98,85,63785.0
B,98,86,63786.0
B,98,87,63787.0
B,98,88,63788.0
B,98,89,63789.0
B,98,90,63790.0
B,98,91,63791.0
B,98,92,63792.0
B,98,93,63793.0
B,98,94,63794.0
B,98,95,63795.0
B,98,96,63796.0
B,98,97,63797.0
B,98,98,63798.0
B,98,99,63799.0
B,98,100,63800.0
B,98,101,63801.0
B,98,102,63802.0
B,98,103,63803.0
B,98,104,63804.0
B,98,105,63805.0
B,98,106,63806.0
B,98,107,63807.0
B,98,108,63808.0
B,98,109,63809.0
B,98,110,63810.0
B,98,111,63811.0
B,98,112,63812.0
B,98,113,63813.0
B,98,114,63814.0
B,98,115,63815.0
B,98,116,63816.0
B,98,117,63817.0
B,98,118,63818.0
B,98,119,63819.0
B,98,120,63820.0
B,98,121,63821.0
B,98,122,63822.0
B,98,123,63823.0
B,98,124,63824.0
B,98,125,63825.0
B,98,126,63826.0
B,98,127,63827.0
B,98,128,63828.0
B,98,129,63829.0
B,98,130,63830.0
B,98,131,63831.0
B,98,132,63832.0
B,98,133,63833.0
B,98,134,63834.0
B,98,135,63835.0
B,98,136,63836.0
B,98,137,63837.0
B,98,138,63838.0
B,98,139,63839.0
B,98,140,63840.0
B,98,141,63841.0
B,98,142,63842.0
B,98,143,63843.0
B,98,144,63844.0
B,98,145,63845.0
B,98,146,63846.0
B,98,147,63847.0
B,98,148,63848.0
B,98,149,63849.0
B,98,150,63850.0
B,98,151,63851.0
B,98,152,63852.0
B,98,153,63853.0
B,98,154,63854.0
B,98,155,63855.0
B,98,156,63856.0
B,98,157,63857.0
B,98,158,63858.0
B,98,159,63859.0
B,98,160,63860.0
B,98,161,63861.0
B,98,162,63862.0
B,98,163,63863.0
B,98,164,63864.0
B,98,165,63865.0
B,98,166,63866.0
B,98,167,63867.0
B,98,168,63868.0
B,98,169,63869.0
B,98,170,63870.0
B,98,171,63871.0
B,98,172,63872.0
B,98,173,63873.0
B,98,174,63874.0
B,98,175,63875.0
B,98,176,63876.0
B,98,177,63877.0
B,98,178,63878.0
B,98,179,63879.0
B,98,180,63880.0
B,98,181,63881.0
B,98,182,63882.0
B,98,183,63883.0
B,98,184,63884.0
B,98,185,63885.0
B,98,186,63886.0
B,98,187,63887.0
B,98,188,63888.0
B,98,189,63889.0
B,98,190,63890.0
B,98,191,63891.0
B,98,192,63892.0
B,98,193,63893.0
B,98,194,63894.0
B,98,195,63895.0
B,98,196,63896.0
B,98,197,63897.0
B,98,198,63898.0
B,98,199,63899.0
B,98,200,63900.0
B,98,201,63901.0
B,98,202,63902.0
B,98,203,63903.0
B,98,204,63904.0
B,98,205,63905.0
B,98,206,63906.0
B,98,207,63907.0
B,98,208,63908.0
B,98,209,63909.0
B,98,210,63910.0
B,98,211,63911.0
B,98,212,63912.0
B,98,213,63913.0
B,98,214,63914.0
B,98,215,63915.0
B,98,216,63916.0
B,98,217,63917.0
B,98,218,63918.0
B,98,219,63919.0
B,98,220,63920.0
B,98,221,63921.0
B,98,222,63922.0
B,98,223,63923.0
B,98,224,63924.0
B,98,225,63925.0
B,98,226,63926.0
B,98,227,63927.0
B,98,228,63928.0
B,98,229,63929.0
B,98,230,63930.0
B,98,231,63931.0
B,98,232,63932.0
B,98,233,63933.0
B,98,234,63934.0
B,98,235,63935.0
B,98,236,63936.0
B,98,237,63937.0
B,98,238,63938.0
B,98,239,63939.0
B,98,240,63940.0
B,98,241,63941.0
B,98,242,63942.0
B,98,243,63943.0
B,98,244,63944.0
B,98,245,63945.0
B,98,246,63946.0
B,98,247,63947.0
B,98,248,63948.0
B,98,249,63949.0
B,98,250,63950.0
B,98,251,63951.0
B,98,252,63952.0
B,98,253,63953.0
B,98,254,63954.0
B,98,255,63955.0
B,98,256,63956.0
B,98,257,63957.0
B,98,258,63958.0
B,98,259,63959.0
B,98,260,63960.0
B,98,261,63961.0
B,98,262,63962.0
B,98,263,63963.0
B,98,264,63964.0
B,98,265,63965.0
B,98,266,63966.0
B,98,267,63967.0
B,98,268,63968.0
B,98,269,63969.0
B,98,270,63970.0
B,98,271,63971.0
B,98,272,63972.0
B,98,273,63973.0
B,98,274,63974.0
B,98,275,63975.0
B,98,276,63976.0
B,98,277,63977.0
B,98,278,63978.0
B,98,279,63979.0
B,98,280,63980.0
B,98,281,63981.0
B,98,282,63982.0
B,98,283,63983.0
B,98,284,63984.0
B,98,285,63985.0
B,98,286,63986.0
B,98,287,63987.0
B,98,288,63988.0
B,98,289,63989.0
B,98,290,63990.0
B,98,291,63991.0
B,98,292,63992.0
B,98,293,63993.0
B,98,294,63994.0
B,98,295,63995.0
B,98,296,63996.0
B,98,297,63997.0
B,98,298,63998.0
B,98,299,63999.0
B,98,300,64000.0
B,98,301,64001.0
B,98,302,64002.0
B,98,303,64003.0
B,98,304,64004.0
B,98,305,64005.0
B,98,306,64006.0
B,98,307,64007.0
B,98,308,64008.0
B,98,309,64009.0
B,98,310,64010.0
B,98,311,64011.0
B,98,312,64012.0
B,98,313,64013.0
B,98,314,64014.0
B,98,315,64015.0
B,98,316,64016.0
B,98,317,64017.0
B,98,318,64018.0
B,98,319,64019.0
B,98,320,64020.0
B,98,321,64021.0
B,98,322,64022.0
B,98,323,64023.0
B,98,324,64024.0
B,98,325,64025.0
B,98,326,64026.0
B,98,327,64027.0
B,98,328,64028.0
B,98,329,64029.0
B,98,330,64030.0
B,98,331,64031.0
B,98,332,64032.0
B,98,333,64033.0
B,98,334,64034.0
B,98,335,64035.0
B,98,336,64036.0
B,98,337,64037.0
B,98,338,64038.0
B,98,339,64039.0
B,98,340,64040.0
B,98,341,64041.0
B,98,342,64042.0
B,98,343,64043.0
B,98,344,64044.0
B,98,345,64045.0
B,98,346,64046.0
B,98,347,64047.0
B,98,348,64048.0
B,98,349,64049.0
B,98,350,64050.0
B,98,351,64051.0
B,98,352,64052.0
B,98,353,64053.0
B,98,354,64054.0
B,98,355,64055.0
B,98,356,64056.0
B,98,357,64057.0
B,98,358,64058.0
B,98,359,64059.0
B,98,360,64060.0
B,98,361,64061.0
B,98,362,64062.0
B,98,363,64063.0
B,98,364,64064.0
B,98,365,64065.0
B,98,366,64066.0
B,98,367,64067.0
B,98,368,64068.0
B,98,369,64069.0
B,98,370,64070.0
B,98,371,64071.0
B,98,372,64072.0
B,98,373,64073.0
B,98,374,64074.0
B,98,375,64075.0
B,98,376,64076.0
B,98,377,64077.0
B,98,378,64078.0
B,98,379,64079.0
B,98,380,64080.0
B,98,381,64081.0
B,98,382,64082.0
B,98,383,64083.0
B,98,384,64084.0
B,98,385,64085.0
B,98,386,64086.0
B,98,387,64087.0
B,98,388,64088.0
B,98,389,64089.0
B,98,390,64090.0
B,98,391,64091.0
B,98,392,64092.0
B,98,393,64093.0
B,98,394,64094.0
B,98,395,64095.0
B,98,396,64096.0
B,98,397,64097.0
B,98,398,64098.0
B,98,399,64099.0
B,98,400,64100.0
B,98,401,64101.0
B,98,402,64102.0
B,98,403,64103.0
B,98,404,64104.0
B,98,405,64105.0
B,98,406,64106.0
B,98,407,64107.0
B,98,408,64108.0
B,98,409,64109.0
B,98,410,64110.0
B,98,411,64111.0
B,98,412,64112.0
B,98,413,64113.0
B,98,414,64114.0
B,98,415,64115.0
B,98,416,64116.0
B,98,417,64117.0
B,98,418,64118.0
B,98,419,64119.0
B,98,420,64120.0
B,98,421,64121.0
B,98,422,64122.0
B,98,423,64123.0
B,98,424,64124.0
B,98,425,64125.0
B,98,426,64126.0
B,98,427,64127.0
B,98,428,64128.0
B,98,429,64129.0
B,98,430,64130.0
B,98,431,64131.0
B,98,432,64132.0
B,98,433,64133.0
B,98,434,64134.0
B,98,435,64135.0
B,98,436,64136.0
B,98,437,64137.0
B,98,438,64138.0
B,98,439,64139.0
B,98,440,64140.0
B,98,441,64141.0
B,98,442,64142.0
B,98,443,64143.0
B,98,444,64144.0
B,98,445,64145.0
B,98,446,64146.0
B,98,447,64147.0
B,98,448,64148.0
B,98,449,64149.0
B,98,450,64150.0
B,98,451,64151.0
B,98,452,64152.0
B,98,453,64153.0
B,98,454,64154.0
B,98,455,64155.0
B,98,456,64156.0
B,98,457,64157.0
B,98,458,64158.0
B,98,459,64159.0
B,98,460,64160.0
B,98,461,64161.0
B,98,462,64162.0
B,98,463,64163.0
B,98,464,64164.0
B,98,465,64165.0
B,98,466,64166.0
B,98,467,64167.0
B,98,468,64168.0
B,98,469,64169.0
B,98,470,64170.0
B,98,471,64171.0
B,98,472,64172.0
B,98,473,64173.0
B,98,474,64174.0
B,98,475,64175.0
B,98,476,64176.0
B,98,477,64177.0
B,98,478,64178.0
B,98,479,64179.0
B,98,480,64180.0
B,98,481,64181.0
B,98,482,64182.0
B,98,483,64183.0
B,98,484,64184.0
B,98,485,64185.0
B,98,486,64186.0
B,98,487,64187.0
B,98,488,64188.0
B,98,489,64189.0
B,98,490,64190.0
B,98,491,64191.0
B,98,492,64192.0
B,98,493,64193.0
B,98,494,64194.0
B,98,495,64195.0
B,98,496,64196.0
B,98,497,64197.0
B,98,498,64198.0
B,98,499,64199.0
B,98,500,64200.0
B,98,501,64201.0
B,98,502,64202.0
B,98,503,64203.0
B,98,504,64204.0
B,98,505,64205.0
B,98,506,64206.0
B,98,507,64207.0
B,98,508,64208.0
B,98,509,64209.0
B,98,510,64210.0
B,98,511,64211.0
B,98,512,64212.0
B,98,513,64213.0
B,98,514,64214.0
B,98,515,64215.0
B,98,516,64216.0
B,98,517,64217.0
B,98,518,64218.0
B,98,519,64219.0
B,98,520,64220.0
B,98,521,64221.0
B,98,522,64222.0
B,98,523,64223.0
B,98,524,64224.0
B,98,525,64225.0
B,98,526,64226.0
B,98,527,64227.0
B,98,528,64228.0
B,98,529,64229.0
B,98,530,64230.0
B,98,531,64231.0
B,98,532,64232.0
B,98,533,64233.0
B,98,534,64234.0
B,98,535,64235.0
B,98,536,64236.0
B,98,537,64237.0
B,98,538,64238.0
B,98,539,64239.0
B,98,540,64240.0
B,98,541,64241.0
B,98,542,64242.0
B,98,543,64243.0
B,98,544,64244.0
B,98,545,64245.0
B,98,546,64246.0
B,98,547,64247.0
B,98,548,64248.0
B,98,549,64249.0
B,98,550,64250.0
B,98,551,64251.0
B,98,552,64252.0
B,98,553,64253.0
B,98,554,64254.0
B,98,555,64255.0
B,98,556,64256.0
B,98,557,64257.0
B,98,558,64258.0
B,98,559,64259.0
B,98,560,64260.0
B,98,561,64261.0
B,98,562,64262.0
B,98,563,64263.0
B,98,564,64264.0
B,98,565,64265.0
B,98,566,64266.0
B,98,567,64267.0
B,98,568,64268.0
B,98,569,64269.0
B,98,570,64270.0
B,98,571,64271.0
B,98,572,64272.0
B,98,573,64273.0
B,98,574,64274.0
B,98,575,64275.0
B,98,576,64276.0
B,98,577,64277.0
B,98,578,64278.0
B,98,579,64279.0
B,98,580,64280.0
B,98,581,64281.0
B,98,582,64282.0
B,98,583,64283.0
B,98,584,64284.0
B,98,585,64285.0
B,98,586,64286.0
B,98,587,64287.0
B,98,588,64288.0
B,98,589,64289.0
B,98,590,64290.0
B,98,591,64291.0
B,98,592,64292.0
B,98,593,64293.0
B,98,594,64294.0
B,98,595,64295.0
B,98,596,64296.0
B,98,597,64297.0
B,98,598,64298.0
B,98,599,64299.0
B,98,600,64300.0
B,98,601,64301.0
B,98,602,64302.0
B,98,603,64303.0
B,98,604,64304.0
B,98,605,64305.0
B,98,606,64306.0
B,98,607,64307.0
B,98,608,64308.0
B,98,609,64309.0
B,98,610,64310.0
B,98,611,64311.0
B,98,612,64312.0
B,98,613,64313.0
B,98,614,64314.0
B,98,615,64315.0
B,98,616,64316.0
B,98,617,64317.0
B,98,618,64318.0
B,98,619,64319.0
B,98,620,64320.0
B,98,621,64321.0
B,98,622,64322.0
B,98,623,64323.0
B,98,624,64324.0
B,98,625,64325.0
B,98,626,64326.0
B,98,627,64327.0
B,98,628,64328.0
B,98,629,64329.0
B,98,630,64330.0
B,98,631,64331.0
B,98,632,64332.0
B,98,633,64333.0
B,98,634,64334.0
B,98,635,64335.0
B,98,636,64336.0
B,98,637,64337.0
B,98,638,64338.0
B,98,639,64339.0
B,98,640,64340.0
B,98,641,64341.0
B,98,642,64342.0
B,98,643,64343.0
B,98,644,64344.0
B,98,645,64345.0
B,98,646,64346.0
B,98,647,64347.0
B,98,648,64348.0
B,98,649,64349.0
B,99,0,64350.0
B,99,1,64351.0
B,99,2,64352.0
B,99,3,64353.0
B,99,4,64354.0
B,99,5,64355.0
B,99,6,64356.0
B,99,7,64357.0
B,99,8,64358.0
B,99,9,64359.0
B,99,10,64360.0
B,99,11,64361.0
B,99,12,64362.0
B,99,13,64363.0
B,99,14,64364.0
B,99,15,64365.0
B,99,16,64366.0
B,99,17,64367.0
B,99,18,64368.0
B,99,19,64369.0
B,99,20,64370.0
B,99,21,64371.0
B,99,22,64372.0
B,99,23,64373.0
B,99,24,64374.0
B,99,25,64375.0
B,99,26,64376.0
B,99,27,64377.0
B,99,28,64378.0
B,99,29,64379.0
B,99,30,64380.0
B,99,31,64381.0
B,99,32,64382.0
B,99,33,64383.0
B,99,34,64384.0
B,99,35,64385.0
B,99,36,64386.0
B,99,37,64387.0
B,99,38,64388.0
B,99,39,64389.0
B,99,40,64390.0
B,99,41,64391.0
B,99,42,64392.0
B,99,43,64393.0
B,99,44,64394.0
B,99,45,64395.0
B,99,46,64396.0
B,99,47,64397.0
B,99,48,64398.0
B,99,49,64399.0
B,99,50,64400.0
B,99,51,64401.0
B,99,52,64402.0
B,99,53,64403.0
B,99,54,64404.0
B,99,55,64405.0
B,99,56,64406.0
B,99,57,64407.0
B,99,58,64408.0
B,99,59,64409.0
B,99,60,64410.0
B,99,61,64411.0
B,99,62,64412.0
B,99,63,64413.0
B,99,64,64414.0
B,99,65,64415.0
B,99,66,64416.0
B,99,67,64417.0
B,99,68,64418.0
B,99,69,64419.0
B,99,70,64420.0
B,99,71,64421.0
B,99,72,64422.0
B,99,73,64423.0
B,99,74,64424.0
B,99,75,64425.0
B,99,76,64426.0
B,99,77,64427.0
B,99,78,64428.0
B,99,79,64429.0
B,99,80,64430.0
B,99,81,64431.0
B,99,82,64432.0
B,99,83,64433.0
B,99,84,64434.0
B,99,85,64435.0
B,99,86,64436.0
B,99,87,64437.0
B,99,88,64438.0
B,99,89,64439.0
B,99,90,64440.0
B,99,91,64441.0
B,99,92,64442.0
B,99,93,64443.0
B,99,94,64444.0
B,99,95,64445.0
B,99,96,64446.0
B,99,97,64447.0
B,99,98,64448.0
B,99,99,64449.0
B,99,100,64450.0
B,99,101,64451.0
B,99,102,64452.0
B,99,103,64453.0
B,99,104,64454.0
B,99,105,64455.0
B,99,106,64456.0
B,99,107,64457.0
B,99,108,64458.0
B,99,109,64459.0
B,99,110,64460.0
B,99,111,64461.0
B,99,112,64462.0
B,99,113,64463.0
B,99,114,64464.0
B,99,115,64465.0
B,99,116,64466.0
B,99,117,64467.0
B,99,118,64468.0
B,99,119,64469.0
B,99,120,64470.0
B,99,121,64471.0
B,99,122,64472.0
B,99,123,64473.0
B,99,124,64474.0
B,99,125,64475.0
B,99,126,64476.0
B,99,127,64477.0
B,99,128,64478.0
B,99,129,64479.0
B,99,130,64480.0
B,99,131,64481.0
B,99,132,64482.0
B,99,133,64483.0
B,99,134,64484.0
B,99,135,64485.0
B,99,136,64486.0
B,99,137,64487.0
B,99,138,64488.0
B,99,139,64489.0
B,99,140,64490.0
B,99,141,64491.0
B,99,142,64492.0
B,99,143,64493.0
B,99,144,64494.0
B,99,145,64495.0
B,99,146,64496.0
B,99,147,64497.0
B,99,148,64498.0
B,99,149,64499.0
B,99,150,64500.0
B,99,151,64501.0
B,99,152,64502.0
B,99,153,64503.0
B,99,154,64504.0
B,99,155,64505.0
B,99,156,64506.0
B,99,157,64507.0
B,99,158,64508.0
B,99,159,64509.0
B,99,160,64510.0
B,99,161,64511.0
B,99,162,64512.0
B,99,163,64513.0
B,99,164,64514.0
B,99,165,64515.0
B,99,166,64516.0
B,99,167,64517.0
B,99,168,64518.0
B,99,169,64519.0
B,99,170,64520.0
B,99,171,64521.0
B,99,172,64522.0
B,99,173,64523.0
B,99,174,64524.0
B,99,175,64525.0
B,99,176,64526.0
B,99,177,64527.0
B,99,178,64528.0
B,99,179,64529.0
B,99,180,64530.0
B,99,181,64531.0
B,99,182,64532.0
B,99,183,64533.0
B,99,184,64534.0
B,99,185,64535.0
B,99,186,64536.0
B,99,187,64537.0
B,99,188,64538.0
B,99,189,64539.0
B,99,190,64540.0
B,99,191,64541.0
B,99,192,64542.0
B,99,193,64543.0
B,99,194,64544.0
B,99,195,64545.0
B,99,196,64546.0
B,99,197,64547.0
B,99,198,64548.0
B,99,199,64549.0
B,99,200,64550.0
B,99,201,64551.0
B,99,202,64552.0
B,99,203,64553.0
B,99,204,64554.0
B,99,205,64555.0
B,99,206,64556.0
B,99,207,64557.0
B,99,208,64558.0
B,99,209,64559.0
B,99,210,64560.0
B,99,211,64561.0
B,99,212,64562.0
B,99,213,64563.0
B,99,214,64564.0
B,99,215,64565.0
B,99,216,64566.0
B,99,217,64567.0
B,99,218,64568.0
B,99,219,64569.0
B,99,220,64570.0
B,99,221,64571.0
B,99,222,64572.0
B,99,223,64573.0
B,99,224,64574.0
B,99,225,64575.0
B,99,226,64576.0
B,99,227,64577.0
B,99,228,64578.0
B,99,229,64579.0
B,99,230,64580.0
B,99,231,64581.0
B,99,232,64582.0
B,99,233,64583.0
B,99,234,64584.0
B,99,235,64585.0
B,99,236,64586.0
B,99,237,64587.0
B,99,238,64588.0
B,99,239,64589.0
B,99,240,64590.0
B,99,241,64591.0
B,99,242,64592.0
B,99,243,64593.0
B,99,244,64594.0
B,99,245,64595.0
B,99,246,64596.0
B,99,247,64597.0
B,99,248,64598.0
B,99,249,64599.0
B,99,250,64600.0
B,99,251,64601.0
B,99,252,64602.0
B,99,253,64603.0
B,99,254,64604.0
B,99,255,64605.0
B,99,256,64606.0
B,99,257,64607.0
B,99,258,64608.0
B,99,259,64609.0
B,99,260,64610.0
B,99,261,64611.0
B,99,262,64612.0
B,99,263,64613.0
B,99,264,64614.0
B,99,265,64615.0
B,99,266,64616.0
B,99,267,64617.0
B,99,268,64618.0
B,99,269,64619.0
B,99,270,64620.0
B,99,271,64621.0
B,99,272,64622.0
B,99,273,64623.0
B,99,274,64624.0
B,99,275,64625.0
B,99,276,64626.0
B,99,277,64627.0
B,99,278,64628.0
B,99,279,64629.0
B,99,280,64630.0
B,99,281,64631.0
B,99,282,64632.0
B,99,283,64633.0
B,99,284,64634.0
B,99,285,64635.0
B,99,286,64636.0
B,99,287,64637.0
B,99,288,64638.0
B,99,289,64639.0
B,99,290,64640.0
B,99,291,64641.0
B,99,292,64642.0
B,99,293,64643.0
B,99,294,64644.0
B,99,295,64645.0
B,99,296,64646.0
B,99,297,64647.0
B,99,298,64648.0
B,99,299,64649.0
B,99,300,64650.0
B,99,301,64651.0
B,99,302,64652.0
B,99,303,64653.0
B,99,304,64654.0
B,99,305,64655.0
B,99,306,64656.0
B,99,307,64657.0
B,99,308,64658.0
B,99,309,64659.0
B,99,310,64660.0
B,99,311,64661.0
B,99,312,64662.0
B,99,313,64663.0
B,99,314,64664.0
B,99,315,64665.0
B,99,316,64666.0
B,99,317,64667.0
B,99,318,64668.0
B,99,319,64669.0
B,99,320,64670.0
B,99,321,64671.0
B,99,322,64672.0
B,99,323,64673.0
B,99,324,64674.0
B,99,325,64675.0
B,99,326,64676.0
B,99,327,64677.0
B,99,328,64678.0
B,99,329,64679.0
B,99,330,64680.0
B,99,331,64681.0
B,99,332,64682.0
B,99,333,64683.0
B,99,334,64684.0
B,99,335,64685.0
B,99,336,64686.0
B,99,337,64687.0
B,99,338,64688.0
B,99,339,64689.0
B,99,340,64690.0
B,99,341,64691.0
B,99,342,64692.0
B,99,343,64693.0
B,99,344,64694.0
B,99,345,64695.0
B,99,346,64696.0
B,99,347,64697.0
B,99,348,64698.0
B,99,349,64699.0
B,99,350,64700.0
B,99,351,64701.0
B,99,352,64702.0
B,99,353,64703.0
B,99,354,64704.0
B,99,355,64705.0
B,99,356,64706.0
B,99,357,64707.0
B,99,358,64708.0
B,99,359,64709.0
B,99,360,64710.0
B,99,361,64711.0
B,99,362,64712.0
B,99,363,64713.0
B,99,364,64714.0
B,99,365,64715.0
B,99,366,64716.0
B,99,367,64717.0
B,99,368,64718.0
B,99,369,64719.0
B,99,370,64720.0
B,99,371,64721.0
B,99,372,64722.0
B,99,373,64723.0
B,99,374,64724.0
B,99,375,64725.0
B,99,376,64726.0
B,99,377,64727.0
B,99,378,64728.0
B,99,379,64729.0
B,99,380,64730.0
B,99,381,64731.0
B,99,382,64732.0
B,99,383,64733.0
B,99,384,64734.0
B,99,385,64735.0
B,99,386,64736.0
B,99,387,64737.0
B,99,388,64738.0
B,99,389,64739.0
B,99,390,64740.0
B,99,391,64741.0
B,99,392,64742.0
B,99,393,64743.0
B,99,394,64744.0
B,99,395,64745.0
B,99,396,64746.0
B,99,397,64747.0
B,99,398,64748.0
B,99,399,64749.0
B,99,400,64750.0
B,99,401,64751.0
B,99,402,64752.0
B,99,403,64753.0
B,99,404,64754.0
B,99,405,64755.0
B,99,406,64756.0
B,99,407,64757.0
B,99,408,64758.0
B,99,409,64759.0
B,99,410,64760.0
B,99,411,64761.0
B,99,412,64762.0
B,99,413,64763.0
B,99,414,64764.0
B,99,415,64765.0
B,99,416,64766.0
B,99,417,64767.0
B,99,418,64768.0
B,99,419,64769.0
B,99,420,64770.0
B,99,421,64771.0
B,99,422,64772.0
B,99,423,64773.0
B,99,424,64774.0
B,99,425,64775.0
B,99,426,64776.0
B,99,427,64777.0
B,99,428,64778.0
B,99,429,64779.0
B,99,430,64780.0
B,99,431,64781.0
B,99,432,64782.0
B,99,433,64783.0
B,99,434,64784.0
B,99,435,64785.0
B,99,436,64786.0
B,99,437,64787.0
B,99,438,64788.0
B,99,439,64789.0
B,99,440,64790.0
B,99,441,64791.0
B,99,442,64792.0
B,99,443,64793.0
B,99,444,64794.0
B,99,445,64795.0
B,99,446,64796.0
B,99,447,64797.0
B,99,448,64798.0
B,99,449,64799.0
B,99,450,64800.0
B,99,451,64801.0
B,99,452,64802.0
B,99,453,64803.0
B,99,454,64804.0
B,99,455,64805.0
B,99,456,64806.0
B,99,457,64807.0
B,99,458,64808.0
B,99,459,64809.0
B,99,460,64810.0
B,99,461,64811.0
B,99,462,64812.0
B,99,463,64813.0
B,99,464,64814.0
B,99,465,64815.0
B,99,466,64816.0
B,99,467,64817.0
B,99,468,64818.0
B,99,469,64819.0
B,99,470,64820.0
B,99,471,64821.0
B,99,472,64822.0
B,99,473,64823.0
B,99,474,64824.0
B,99,475,64825.0
B,99,476,64826.0
B,99,477,64827.0
B,99,478,64828.0
B,99,479,64829.0
B,99,480,64830.0
B,99,481,64831.0
B,99,482,64832.0
B,99,483,64833.0
B,99,484,64834.0
B,99,485,64835.0
B,99,486,64836.0
B,99,487,64837.0
B,99,488,64838.0
B,99,489,64839.0
B,99,490,64840.0
B,99,491,64841.0
B,99,492,64842.0
B,99,493,64843.0
B,99,494,64844.0
B,99,495,64845.0
B,99,496,64846.0
B,99,497,64847.0
B,99,498,64848.0
B,99,499,64849.0
B,99,500,64850.0
B,99,501,64851.0
B,99,502,64852.0
B,99,503,64853.0
B,99,504,64854.0
B,99,505,64855.0
B,99,506,64856.0
B,99,507,64857.0
B,99,508,64858.0
B,99,509,64859.0
B,99,510,64860.0
B,99,511,64861.0
B,99,512,64862.0
B,99,513,64863.0
B,99,514,64864.0
B,99,515,64865.0
B,99,516,64866.0
B,99,517,64867.0
B,99,518,64868.0
B,99,519,64869.0
B,99,520,64870.0
B,99,521,64871.0
B,99,522,64872.0
B,99,523,64873.0
B,99,524,64874.0
B,99,525,64875.0
B,99,526,64876.0
B,99,527,64877.0
B,99,528,64878.0
B,99,529,64879.0
B,99,530,64880.0
B,99,531,64881.0
B,99,532,64882.0
B,99,533,64883.0
B,99,534,64884.0
B,99,535,64885.0
B,99,536,64886.0
B,99,537,64887.0
B,99,538,64888.0
B,99,539,64889.0
B,99,540,64890.0
B,99,541,64891.0
B,99,542,64892.0
B,99,543,64893.0
B,99,544,64894.0
B,99,545,64895.0
B,99,546,64896.0
B,99,547,64897.0
B,99,548,64898.0
B,99,549,64899.0
B,99,550,64900.0
B,99,551,64901.0
B,99,552,64902.0
B,99,553,64903.0
B,99,554,64904.0
B,99,555,64905.0
B,99,556,64906.0
B,99,557,64907.0
B,99,558,64908.0
B,99,559,64909.0
B,99,560,64910.0
B,99,561,64911.0
B,99,562,64912.0
B,99,563,64913.0
B,99,564,64914.0
B,99,565,64915.0
B,99,566,64916.0
B,99,567,64917.0
B,99,568,64918.0
B,99,569,64919.0
B,99,570,64920.0
B,99,571,64921.0
B,99,572,64922.0
B,99,573,64923.0
B,99,574,64924.0
B,99,575,64925.0
B,99,576,64926.0
B,99,577,64927.0
B,99,578,64928.0
B,99,579,64929.0
B,99,580,64930.0
B,99,581,64931.0
B,99,582,64932.0
B,99,583,64933.0
B,99,584,64934.0
B,99,585,64935.0
B,99,586,64936.0
B,99,587,64937.0
B,99,588,64938.0
B,99,589,64939.0
B,99,590,64940.0
B,99,591,64941.0
B,99,592,64942.0
B,99,593,64943.0
B,99,594,64944.0
B,99,595,64945.0
B,99,596,64946.0
B,99,597,64947.0
B,99,598,64948.0
B,99,599,64949.0
B,99,600,64950.0
B,99,601,64951.0
B,99,602,64952.0
B,99,603,64953.0
B,99,604,64954.0
B,99,605,64955.0
B,99,606,64956.0
B,99,607,64957.0
B,99,608,64958.0
B,99,609,64959.0
B,99,610,64960.0
B,99,611,64961.0
B,99,612,64962.0
B,99,613,64963.0
B,99,614,64964.0
B,99,615,64965.0
B,99,616,64966.0
B,99,617,64967.0
B,99,618,64968.0
B,99,619,64969.0
B,99,620,64970.0
B,99,621,64971.0
B,99,622,64972.0
B,99,623,64973.0
B,99,624,64974.0
B,99,625,64975.0
B,99,626,64976.0
B,99,627,64977.0
B,99,628,64978.0
B,99,629,64979.0
B,99,630,64980.0
B,99,631,64981.0
B,99,632,64982.0
B,99,633,64983.0
B,99,634,64984.0
B,99,635,64985.0
B,99,636,64986.0
B,99,637,64987.0
B,99,638,64988.0
B,99,639,64989.0
B,99,640,64990.0
B,99,641,64991.0
B,99,642,64992.0
B,99,643,64993.0
B,99,644,64994.0
B,99,645,64995.0
B,99,646,64996.0
B,99,647,64997.0
B,99,648,64998.0
B,99,649,64999.0
